(kicad_pcb (version 20171130) (host pcbnew "(5.0.2)-1")

  (general
    (thickness 1.6)
    (drawings 0)
    (tracks 0)
    (zones 0)
    (modules 309)
    (nets 433)
  )

  (page A4)
  (layers
    (0 F.Cu signal)
    (31 B.Cu signal)
    (32 B.Adhes user)
    (33 F.Adhes user)
    (34 B.Paste user)
    (35 F.Paste user)
    (36 B.SilkS user)
    (37 F.SilkS user)
    (38 B.Mask user)
    (39 F.Mask user)
    (40 Dwgs.User user)
    (41 Cmts.User user)
    (42 Eco1.User user)
    (43 Eco2.User user)
    (44 Edge.Cuts user)
    (45 Margin user)
    (46 B.CrtYd user)
    (47 F.CrtYd user)
    (48 B.Fab user)
    (49 F.Fab user)
  )

  (setup
    (last_trace_width 0.25)
    (trace_clearance 0.2)
    (zone_clearance 0.508)
    (zone_45_only no)
    (trace_min 0.2)
    (segment_width 0.2)
    (edge_width 0.15)
    (via_size 0.8)
    (via_drill 0.4)
    (via_min_size 0.4)
    (via_min_drill 0.3)
    (uvia_size 0.3)
    (uvia_drill 0.1)
    (uvias_allowed no)
    (uvia_min_size 0.2)
    (uvia_min_drill 0.1)
    (pcb_text_width 0.3)
    (pcb_text_size 1.5 1.5)
    (mod_edge_width 0.15)
    (mod_text_size 1 1)
    (mod_text_width 0.15)
    (pad_size 0.3 1.2)
    (pad_drill 0)
    (pad_to_mask_clearance 0.051)
    (solder_mask_min_width 0.25)
    (aux_axis_origin 0 0)
    (visible_elements 7FFFFFFF)
    (pcbplotparams
      (layerselection 0x010fc_ffffffff)
      (usegerberextensions false)
      (usegerberattributes false)
      (usegerberadvancedattributes false)
      (creategerberjobfile false)
      (excludeedgelayer true)
      (linewidth 0.100000)
      (plotframeref false)
      (viasonmask false)
      (mode 1)
      (useauxorigin false)
      (hpglpennumber 1)
      (hpglpenspeed 20)
      (hpglpendiameter 15.000000)
      (psnegative false)
      (psa4output false)
      (plotreference true)
      (plotvalue true)
      (plotinvisibletext false)
      (padsonsilk false)
      (subtractmaskfromsilk false)
      (outputformat 1)
      (mirror false)
      (drillshape 1)
      (scaleselection 1)
      (outputdirectory ""))
  )

  (net 0 "")
  (net 1 GND)
  (net 2 "Net-(D3-Pad1)")
  (net 3 USB_D+)
  (net 4 USB_D-)
  (net 5 USB_ID)
  (net 6 "Net-(C12-Pad2)")
  (net 7 "Net-(C13-Pad2)")
  (net 8 +3V3)
  (net 9 "Net-(C2-Pad1)")
  (net 10 "Net-(C3-Pad1)")
  (net 11 USB_SOF)
  (net 12 JTAG_TMS)
  (net 13 JTAG_TCK)
  (net 14 JTAG_TDI)
  (net 15 JTAG_TDO)
  (net 16 JTAG_RES)
  (net 17 "Net-(U3-Pad8)")
  (net 18 +BATT)
  (net 19 "Net-(C19-Pad1)")
  (net 20 "Net-(U3-Pad3)")
  (net 21 SLP-LIN1)
  (net 22 SLP-LIN2)
  (net 23 "Net-(U4-Pad3)")
  (net 24 "Net-(C20-Pad1)")
  (net 25 "Net-(U4-Pad8)")
  (net 26 SLP-LIN3)
  (net 27 "Net-(U5-Pad3)")
  (net 28 "Net-(C21-Pad1)")
  (net 29 "Net-(U5-Pad8)")
  (net 30 STB-CAN)
  (net 31 "Net-(D10-Pad2)")
  (net 32 "Net-(D10-Pad1)")
  (net 33 +5V)
  (net 34 "Net-(R7-Pad2)")
  (net 35 "Net-(R8-Pad2)")
  (net 36 "Net-(R14-Pad2)")
  (net 37 PWR_Reset)
  (net 38 "Net-(C29-Pad1)")
  (net 39 "Net-(C33-Pad2)")
  (net 40 "Net-(C33-Pad1)")
  (net 41 "Net-(R18-Pad1)")
  (net 42 "Net-(R22-Pad2)")
  (net 43 "Net-(R24-Pad2)")
  (net 44 "Net-(R19-Pad1)")
  (net 45 "Net-(C34-Pad1)")
  (net 46 "Net-(C34-Pad2)")
  (net 47 "Net-(C32-Pad1)")
  (net 48 "Net-(C36-Pad2)")
  (net 49 "Net-(C30-Pad1)")
  (net 50 "Net-(U9-Pad3)")
  (net 51 "Net-(Q1-Pad1)")
  (net 52 "Net-(Q2-Pad1)")
  (net 53 "Net-(U10-Pad3)")
  (net 54 "Net-(C31-Pad1)")
  (net 55 "Net-(C35-Pad2)")
  (net 56 "Net-(C35-Pad1)")
  (net 57 "Net-(R20-Pad1)")
  (net 58 "Net-(R26-Pad2)")
  (net 59 "Net-(R36-Pad2)")
  (net 60 "Net-(R33-Pad1)")
  (net 61 "Net-(C50-Pad1)")
  (net 62 "Net-(C50-Pad2)")
  (net 63 "Net-(C47-Pad1)")
  (net 64 "Net-(C52-Pad2)")
  (net 65 "Net-(C46-Pad1)")
  (net 66 "Net-(U11-Pad3)")
  (net 67 "Net-(Q4-Pad1)")
  (net 68 "Net-(C48-Pad1)")
  (net 69 "Net-(U12-Pad4)")
  (net 70 "Net-(U12-Pad8)")
  (net 71 "Net-(Q3-Pad1)")
  (net 72 "Net-(C51-Pad2)")
  (net 73 "Net-(U12-Pad13)")
  (net 74 "Net-(U12-Pad14)")
  (net 75 "Net-(U12-Pad15)")
  (net 76 "Net-(C44-Pad1)")
  (net 77 "Net-(U12-Pad17)")
  (net 78 "Net-(R38-Pad2)")
  (net 79 "Net-(R32-Pad1)")
  (net 80 "Net-(R35-Pad2)")
  (net 81 "Net-(C48-Pad2)")
  (net 82 ESP_Reset)
  (net 83 "Net-(U13-Pad2)")
  (net 84 ESP_Enable)
  (net 85 "Net-(U13-Pad4)")
  (net 86 "Net-(U13-Pad5)")
  (net 87 "Net-(U13-Pad6)")
  (net 88 "Net-(U13-Pad7)")
  (net 89 "Net-(U13-Pad9)")
  (net 90 "Net-(U13-Pad10)")
  (net 91 "Net-(U13-Pad11)")
  (net 92 "Net-(U13-Pad12)")
  (net 93 "Net-(U13-Pad13)")
  (net 94 "Net-(U13-Pad14)")
  (net 95 "Net-(U13-Pad16)")
  (net 96 "Net-(U13-Pad17)")
  (net 97 ESP_Boot)
  (net 98 "Net-(U13-Pad19)")
  (net 99 "Net-(U13-Pad20)")
  (net 100 "Net-(C25-Pad1)")
  (net 101 "Net-(D11-Pad2)")
  (net 102 "Net-(D11-Pad1)")
  (net 103 5V_EN)
  (net 104 5V_Raspi_EN)
  (net 105 3VA_EN)
  (net 106 +3.3VA)
  (net 107 "Net-(D4-Pad1)")
  (net 108 "Net-(D5-Pad1)")
  (net 109 "Net-(D6-Pad1)")
  (net 110 +5VD)
  (net 111 "Net-(U14-Pad5)")
  (net 112 LIN2)
  (net 113 1Wire_P5)
  (net 114 1Wire_P2)
  (net 115 CAN-H)
  (net 116 1Wire_P4)
  (net 117 1Wire_P0)
  (net 118 1Wire_P6)
  (net 119 1Wire_P3)
  (net 120 1Wire_P7)
  (net 121 RS485-B)
  (net 122 RS485-A)
  (net 123 CAN-L)
  (net 124 LIN1)
  (net 125 LIN3)
  (net 126 1Wire_P1)
  (net 127 "Net-(F1-Pad2)")
  (net 128 "Net-(C59-Pad1)")
  (net 129 DC_Input)
  (net 130 "Net-(BT1-Pad1)")
  (net 131 GND1)
  (net 132 RESET)
  (net 133 +VSW)
  (net 134 "Net-(C65-Pad1)")
  (net 135 LCD_LED-K)
  (net 136 LCD_LED-A)
  (net 137 +4V)
  (net 138 "Net-(C89-Pad1)")
  (net 139 "Net-(C90-Pad1)")
  (net 140 "Net-(C91-Pad1)")
  (net 141 "Net-(C92-Pad1)")
  (net 142 "Net-(C93-Pad1)")
  (net 143 "Net-(C94-Pad1)")
  (net 144 "Net-(C95-Pad1)")
  (net 145 "Net-(C96-Pad1)")
  (net 146 "Net-(D1-Pad1)")
  (net 147 "Net-(D2-Pad1)")
  (net 148 "Net-(D2-Pad3)")
  (net 149 "Net-(D2-Pad4)")
  (net 150 "Net-(D2-Pad5)")
  (net 151 "Net-(D3-Pad3)")
  (net 152 "Net-(D3-Pad4)")
  (net 153 "Net-(D3-Pad5)")
  (net 154 "Net-(D7-Pad2)")
  (net 155 P3)
  (net 156 P2)
  (net 157 P1)
  (net 158 P0)
  (net 159 AIN0)
  (net 160 AIN1)
  (net 161 AIN2)
  (net 162 AIN3)
  (net 163 P4)
  (net 164 P5)
  (net 165 P6)
  (net 166 P7)
  (net 167 AIN4)
  (net 168 AIN5)
  (net 169 AIN6)
  (net 170 AIN7)
  (net 171 PB2)
  (net 172 PA9)
  (net 173 PC7)
  (net 174 PC6)
  (net 175 PF11)
  (net 176 I2C4_SCL)
  (net 177 I2C4_SDA)
  (net 178 Signal_LED)
  (net 179 "Net-(D20-Pad1)")
  (net 180 "Net-(D21-Pad1)")
  (net 181 "Net-(FB18-Pad2)")
  (net 182 "Net-(FB19-Pad2)")
  (net 183 "Net-(FB20-Pad2)")
  (net 184 "Net-(FB21-Pad2)")
  (net 185 "Net-(FB22-Pad2)")
  (net 186 "Net-(FB23-Pad2)")
  (net 187 "Net-(FB24-Pad2)")
  (net 188 "Net-(FB25-Pad2)")
  (net 189 "Net-(FB26-Pad1)")
  (net 190 "Net-(FB26-Pad2)")
  (net 191 "Net-(FB27-Pad1)")
  (net 192 "Net-(FB28-Pad1)")
  (net 193 "Net-(FB29-Pad1)")
  (net 194 "Net-(FB30-Pad1)")
  (net 195 "Net-(FB31-Pad1)")
  (net 196 "Net-(FB32-Pad1)")
  (net 197 "Net-(FB33-Pad1)")
  (net 198 "Net-(FB34-Pad1)")
  (net 199 "Net-(FB35-Pad2)")
  (net 200 "Net-(FB35-Pad1)")
  (net 201 "Net-(FB36-Pad1)")
  (net 202 "Net-(FB36-Pad2)")
  (net 203 "Net-(FB37-Pad2)")
  (net 204 "Net-(FB37-Pad1)")
  (net 205 "Net-(FB38-Pad1)")
  (net 206 "Net-(FB39-Pad1)")
  (net 207 "Net-(FB40-Pad1)")
  (net 208 "Net-(FB41-Pad1)")
  (net 209 "Net-(FB42-Pad1)")
  (net 210 "Net-(FB43-Pad1)")
  (net 211 "Net-(FB44-Pad1)")
  (net 212 "Net-(FB45-Pad2)")
  (net 213 *LCD_LED-K)
  (net 214 "Net-(FB46-Pad2)")
  (net 215 "Net-(FB47-Pad1)")
  (net 216 *LCD_LED-A)
  (net 217 "Net-(FB48-Pad1)")
  (net 218 "Net-(FB49-Pad1)")
  (net 219 "Net-(IC1-PadA2)")
  (net 220 "Net-(IC1-PadA3)")
  (net 221 "Net-(IC1-PadA5)")
  (net 222 "Net-(IC1-PadB1)")
  (net 223 OctoSPI_P1_CLK)
  (net 224 "Net-(IC1-PadB5)")
  (net 225 OctoSPI_P1_NCS)
  (net 226 OctoSPI_P1_DQS)
  (net 227 OctoSPI_P1_IO2)
  (net 228 "Net-(IC1-PadC5)")
  (net 229 OctoSPI_P1_IO1)
  (net 230 OctoSPI_P1_IO0)
  (net 231 OctoSPI_P1_IO3)
  (net 232 OctoSPI_P1_IO4)
  (net 233 OctoSPI_P1_IO7)
  (net 234 OctoSPI_P1_IO6)
  (net 235 OctoSPI_P1_IO5)
  (net 236 OctoSPI_P2_IO5)
  (net 237 OctoSPI_P2_IO6)
  (net 238 OctoSPI_P2_IO7)
  (net 239 OctoSPI_P2_IO4)
  (net 240 OctoSPI_P2_IO3)
  (net 241 OctoSPI_P2_IO0)
  (net 242 OctoSPI_P2_IO1)
  (net 243 "Net-(IC2-PadC5)")
  (net 244 OctoSPI_P2_IO2)
  (net 245 OctoSPI_P2_DQS)
  (net 246 "Net-(IC2-PadC2)")
  (net 247 "Net-(IC2-PadB5)")
  (net 248 OctoSPI_P2_CLK)
  (net 249 "Net-(IC2-PadB1)")
  (net 250 "Net-(IC2-PadA5)")
  (net 251 OctoSPI_P2_NCS)
  (net 252 "Net-(IC2-PadA2)")
  (net 253 X+)
  (net 254 Y+)
  (net 255 X-)
  (net 256 Y-)
  (net 257 "Net-(IC3-Pad7)")
  (net 258 "Net-(IC3-Pad8)")
  (net 259 "Net-(IC3-Pad9)")
  (net 260 TOUCH_INT)
  (net 261 I2C3_SDA)
  (net 262 I2C3_SCL)
  (net 263 "Net-(IC3-Pad15)")
  (net 264 "Net-(IC3-Pad16)")
  (net 265 "Net-(J1-Pad1)")
  (net 266 "Net-(J1-Pad3)")
  (net 267 UART4_TX)
  (net 268 UART4_RX)
  (net 269 LPUART_TX_RS485)
  (net 270 USART1_TX_LIN1)
  (net 271 LPUART_RX_RX485)
  (net 272 USART1_RX_LIN1)
  (net 273 LPUART_RTS_DE_RS485)
  (net 274 USART2_TX_LIN2)
  (net 275 CAN1_TX)
  (net 276 USART2_RX_LIN2)
  (net 277 CAN1_RX)
  (net 278 USART3_TX_LIN3)
  (net 279 I2C2_SCL)
  (net 280 USART3_RX_LIN3)
  (net 281 I2C2_SDA)
  (net 282 UART5_TX)
  (net 283 UART5_RX)
  (net 284 Rasp_Shutdown)
  (net 285 Rasp_down)
  (net 286 "Net-(J3-Pad2)")
  (net 287 "Net-(J3-Pad1)")
  (net 288 "Net-(J3-Pad3)")
  (net 289 LCD_R0)
  (net 290 LCD_R1)
  (net 291 LCD_R2)
  (net 292 LCD_R3)
  (net 293 LCD_R4)
  (net 294 LCD_R5)
  (net 295 LCD_R6)
  (net 296 LCD_R7)
  (net 297 LCD_G0)
  (net 298 LCD_G1)
  (net 299 LCD_G2)
  (net 300 LCD_G3)
  (net 301 LCD_G4)
  (net 302 LCD_G5)
  (net 303 LCD_G6)
  (net 304 LCD_G7)
  (net 305 LCD_B0)
  (net 306 LCD_B1)
  (net 307 LCD_B2)
  (net 308 LCD_B3)
  (net 309 LCD_B4)
  (net 310 LCD_B5)
  (net 311 LCD_B6)
  (net 312 LCD_B7)
  (net 313 LCD_CLK)
  (net 314 LCD_EN)
  (net 315 LCD_HSYNC)
  (net 316 LCD_VSYNC)
  (net 317 LCD_DE)
  (net 318 LCD_37)
  (net 319 LCD_38)
  (net 320 LCD_39)
  (net 321 LCD_40)
  (net 322 "Net-(J5-Pad1)")
  (net 323 "Net-(J5-Pad11)")
  (net 324 "Net-(J5-Pad15)")
  (net 325 "Net-(J5-Pad17)")
  (net 326 "Net-(J5-Pad19)")
  (net 327 "Net-(J6-Pad3)")
  (net 328 "Net-(J6-Pad5)")
  (net 329 "Net-(J6-Pad7)")
  (net 330 "Net-(J6-Pad11)")
  (net 331 "Net-(J6-Pad12)")
  (net 332 "Net-(J6-Pad13)")
  (net 333 "Net-(J6-Pad15)")
  (net 334 "Net-(J6-Pad16)")
  (net 335 "Net-(J6-Pad18)")
  (net 336 "Net-(J6-Pad19)")
  (net 337 "Net-(J6-Pad21)")
  (net 338 "Net-(J6-Pad22)")
  (net 339 "Net-(J6-Pad23)")
  (net 340 "Net-(J6-Pad24)")
  (net 341 "Net-(J6-Pad26)")
  (net 342 "Net-(J6-Pad29)")
  (net 343 "Net-(J6-Pad31)")
  (net 344 "Net-(J6-Pad32)")
  (net 345 "Net-(J6-Pad33)")
  (net 346 "Net-(J6-Pad35)")
  (net 347 "Net-(J6-Pad36)")
  (net 348 "Net-(J6-Pad37)")
  (net 349 "Net-(J6-Pad38)")
  (net 350 "Net-(J6-Pad40)")
  (net 351 "Net-(J11-Pad6)")
  (net 352 "Net-(J11-Pad4)")
  (net 353 "Net-(J11-Pad2)")
  (net 354 "Net-(J11-Pad1)")
  (net 355 "Net-(J12-Pad6)")
  (net 356 "Net-(J12-Pad7)")
  (net 357 "Net-(J12-Pad8)")
  (net 358 TOUCH_RESET)
  (net 359 "Net-(J15-Pad1)")
  (net 360 "Net-(J15-Pad2)")
  (net 361 "Net-(J15-Pad3)")
  (net 362 "Net-(J15-Pad4)")
  (net 363 "Net-(J15-Pad5)")
  (net 364 "Net-(J15-Pad6)")
  (net 365 "Net-(J20-Pad6)")
  (net 366 *LPUART_TX_RS485)
  (net 367 *USART1_TX_LIN1)
  (net 368 *LPUART_RX_RX485)
  (net 369 *USART1_RX_LIN1)
  (net 370 *LPUART_RTS_DE_RS485)
  (net 371 *USART2_TX_LIN2)
  (net 372 *CAN1_TX)
  (net 373 *USART2_RX_LIN2)
  (net 374 *CAN1_RX)
  (net 375 *USART3_TX_LIN3)
  (net 376 *I2C2_SCL)
  (net 377 *USART3_RX_LIN3)
  (net 378 *I2C2_SDA)
  (net 379 *UART4_TX)
  (net 380 *I2C4_SCL)
  (net 381 *UART4_RX)
  (net 382 *I2C4_SDA)
  (net 383 *UART5_TX)
  (net 384 *PWR_Reset)
  (net 385 *UART5_RX)
  (net 386 *ESP_Reset)
  (net 387 *Rasp_Shutdown)
  (net 388 *ESP_Enable)
  (net 389 *Rasp_down)
  (net 390 *ESP_Boot)
  (net 391 *PF11)
  (net 392 *PA9)
  (net 393 *PB2)
  (net 394 *PC6)
  (net 395 *PC7)
  (net 396 "Net-(Q1-Pad3)")
  (net 397 "Net-(Q2-Pad3)")
  (net 398 "Net-(Q3-Pad3)")
  (net 399 "Net-(Q4-Pad3)")
  (net 400 "Net-(Q5-Pad1)")
  (net 401 "Net-(Q6-Pad1)")
  (net 402 VSW_Disp_EN)
  (net 403 "Net-(R50-Pad1)")
  (net 404 "Net-(R51-Pad1)")
  (net 405 LCD_BL_CTRL)
  (net 406 Boot0)
  (net 407 "Net-(R75-Pad2)")
  (net 408 Wakeup)
  (net 409 "Net-(U1-Pad13)")
  (net 410 *LPUART_RX_RS485)
  (net 411 "Net-(U15-Pad1)")
  (net 412 "Net-(U15-Pad2)")
  (net 413 "Net-(U15-Pad3)")
  (net 414 "Net-(U15-Pad4)")
  (net 415 "Net-(U16-Pad5)")
  (net 416 LCD_BL_CTR)
  (net 417 "Net-(U17-Pad75)")
  (net 418 "Net-(U17-Pad76)")
  (net 419 "Net-(U17-Pad78)")
  (net 420 "Net-(U17-Pad79)")
  (net 421 "Net-(U17-Pad86)")
  (net 422 SPI1_SCK)
  (net 423 SPI1_MISO)
  (net 424 SPI1_MOSI)
  (net 425 SPI1_NSS)
  (net 426 LCD_INT)
  (net 427 "Net-(U17-Pad125)")
  (net 428 BLE_INT)
  (net 429 BLE_Active)
  (net 430 BLE_RST)
  (net 431 "Net-(U19-Pad4)")
  (net 432 "Net-(U19-Pad5)")

  (net_class Default "Dies ist die voreingestellte Netzklasse."
    (clearance 0.2)
    (trace_width 0.25)
    (via_dia 0.8)
    (via_drill 0.4)
    (uvia_dia 0.3)
    (uvia_drill 0.1)
    (add_net *CAN1_RX)
    (add_net *CAN1_TX)
    (add_net *ESP_Boot)
    (add_net *ESP_Enable)
    (add_net *ESP_Reset)
    (add_net *I2C2_SCL)
    (add_net *I2C2_SDA)
    (add_net *I2C4_SCL)
    (add_net *I2C4_SDA)
    (add_net *LCD_LED-A)
    (add_net *LCD_LED-K)
    (add_net *LPUART_RTS_DE_RS485)
    (add_net *LPUART_RX_RS485)
    (add_net *LPUART_RX_RX485)
    (add_net *LPUART_TX_RS485)
    (add_net *PA9)
    (add_net *PB2)
    (add_net *PC6)
    (add_net *PC7)
    (add_net *PF11)
    (add_net *PWR_Reset)
    (add_net *Rasp_Shutdown)
    (add_net *Rasp_down)
    (add_net *UART4_RX)
    (add_net *UART4_TX)
    (add_net *UART5_RX)
    (add_net *UART5_TX)
    (add_net *USART1_RX_LIN1)
    (add_net *USART1_TX_LIN1)
    (add_net *USART2_RX_LIN2)
    (add_net *USART2_TX_LIN2)
    (add_net *USART3_RX_LIN3)
    (add_net *USART3_TX_LIN3)
    (add_net +3.3VA)
    (add_net +3V3)
    (add_net +4V)
    (add_net +5V)
    (add_net +5VD)
    (add_net +BATT)
    (add_net +VSW)
    (add_net 1Wire_P0)
    (add_net 1Wire_P1)
    (add_net 1Wire_P2)
    (add_net 1Wire_P3)
    (add_net 1Wire_P4)
    (add_net 1Wire_P5)
    (add_net 1Wire_P6)
    (add_net 1Wire_P7)
    (add_net 3VA_EN)
    (add_net 5V_EN)
    (add_net 5V_Raspi_EN)
    (add_net AIN0)
    (add_net AIN1)
    (add_net AIN2)
    (add_net AIN3)
    (add_net AIN4)
    (add_net AIN5)
    (add_net AIN6)
    (add_net AIN7)
    (add_net BLE_Active)
    (add_net BLE_INT)
    (add_net BLE_RST)
    (add_net Boot0)
    (add_net CAN-H)
    (add_net CAN-L)
    (add_net CAN1_RX)
    (add_net CAN1_TX)
    (add_net DC_Input)
    (add_net ESP_Boot)
    (add_net ESP_Enable)
    (add_net ESP_Reset)
    (add_net GND)
    (add_net GND1)
    (add_net I2C2_SCL)
    (add_net I2C2_SDA)
    (add_net I2C3_SCL)
    (add_net I2C3_SDA)
    (add_net I2C4_SCL)
    (add_net I2C4_SDA)
    (add_net JTAG_RES)
    (add_net JTAG_TCK)
    (add_net JTAG_TDI)
    (add_net JTAG_TDO)
    (add_net JTAG_TMS)
    (add_net LCD_37)
    (add_net LCD_38)
    (add_net LCD_39)
    (add_net LCD_40)
    (add_net LCD_B0)
    (add_net LCD_B1)
    (add_net LCD_B2)
    (add_net LCD_B3)
    (add_net LCD_B4)
    (add_net LCD_B5)
    (add_net LCD_B6)
    (add_net LCD_B7)
    (add_net LCD_BL_CTR)
    (add_net LCD_BL_CTRL)
    (add_net LCD_CLK)
    (add_net LCD_DE)
    (add_net LCD_EN)
    (add_net LCD_G0)
    (add_net LCD_G1)
    (add_net LCD_G2)
    (add_net LCD_G3)
    (add_net LCD_G4)
    (add_net LCD_G5)
    (add_net LCD_G6)
    (add_net LCD_G7)
    (add_net LCD_HSYNC)
    (add_net LCD_INT)
    (add_net LCD_LED-A)
    (add_net LCD_LED-K)
    (add_net LCD_R0)
    (add_net LCD_R1)
    (add_net LCD_R2)
    (add_net LCD_R3)
    (add_net LCD_R4)
    (add_net LCD_R5)
    (add_net LCD_R6)
    (add_net LCD_R7)
    (add_net LCD_VSYNC)
    (add_net LIN1)
    (add_net LIN2)
    (add_net LIN3)
    (add_net LPUART_RTS_DE_RS485)
    (add_net LPUART_RX_RX485)
    (add_net LPUART_TX_RS485)
    (add_net "Net-(BT1-Pad1)")
    (add_net "Net-(C12-Pad2)")
    (add_net "Net-(C13-Pad2)")
    (add_net "Net-(C19-Pad1)")
    (add_net "Net-(C2-Pad1)")
    (add_net "Net-(C20-Pad1)")
    (add_net "Net-(C21-Pad1)")
    (add_net "Net-(C25-Pad1)")
    (add_net "Net-(C29-Pad1)")
    (add_net "Net-(C3-Pad1)")
    (add_net "Net-(C30-Pad1)")
    (add_net "Net-(C31-Pad1)")
    (add_net "Net-(C32-Pad1)")
    (add_net "Net-(C33-Pad1)")
    (add_net "Net-(C33-Pad2)")
    (add_net "Net-(C34-Pad1)")
    (add_net "Net-(C34-Pad2)")
    (add_net "Net-(C35-Pad1)")
    (add_net "Net-(C35-Pad2)")
    (add_net "Net-(C36-Pad2)")
    (add_net "Net-(C44-Pad1)")
    (add_net "Net-(C46-Pad1)")
    (add_net "Net-(C47-Pad1)")
    (add_net "Net-(C48-Pad1)")
    (add_net "Net-(C48-Pad2)")
    (add_net "Net-(C50-Pad1)")
    (add_net "Net-(C50-Pad2)")
    (add_net "Net-(C51-Pad2)")
    (add_net "Net-(C52-Pad2)")
    (add_net "Net-(C59-Pad1)")
    (add_net "Net-(C65-Pad1)")
    (add_net "Net-(C89-Pad1)")
    (add_net "Net-(C90-Pad1)")
    (add_net "Net-(C91-Pad1)")
    (add_net "Net-(C92-Pad1)")
    (add_net "Net-(C93-Pad1)")
    (add_net "Net-(C94-Pad1)")
    (add_net "Net-(C95-Pad1)")
    (add_net "Net-(C96-Pad1)")
    (add_net "Net-(D1-Pad1)")
    (add_net "Net-(D10-Pad1)")
    (add_net "Net-(D10-Pad2)")
    (add_net "Net-(D11-Pad1)")
    (add_net "Net-(D11-Pad2)")
    (add_net "Net-(D2-Pad1)")
    (add_net "Net-(D2-Pad3)")
    (add_net "Net-(D2-Pad4)")
    (add_net "Net-(D2-Pad5)")
    (add_net "Net-(D20-Pad1)")
    (add_net "Net-(D21-Pad1)")
    (add_net "Net-(D3-Pad1)")
    (add_net "Net-(D3-Pad3)")
    (add_net "Net-(D3-Pad4)")
    (add_net "Net-(D3-Pad5)")
    (add_net "Net-(D4-Pad1)")
    (add_net "Net-(D5-Pad1)")
    (add_net "Net-(D6-Pad1)")
    (add_net "Net-(D7-Pad2)")
    (add_net "Net-(F1-Pad2)")
    (add_net "Net-(FB18-Pad2)")
    (add_net "Net-(FB19-Pad2)")
    (add_net "Net-(FB20-Pad2)")
    (add_net "Net-(FB21-Pad2)")
    (add_net "Net-(FB22-Pad2)")
    (add_net "Net-(FB23-Pad2)")
    (add_net "Net-(FB24-Pad2)")
    (add_net "Net-(FB25-Pad2)")
    (add_net "Net-(FB26-Pad1)")
    (add_net "Net-(FB26-Pad2)")
    (add_net "Net-(FB27-Pad1)")
    (add_net "Net-(FB28-Pad1)")
    (add_net "Net-(FB29-Pad1)")
    (add_net "Net-(FB30-Pad1)")
    (add_net "Net-(FB31-Pad1)")
    (add_net "Net-(FB32-Pad1)")
    (add_net "Net-(FB33-Pad1)")
    (add_net "Net-(FB34-Pad1)")
    (add_net "Net-(FB35-Pad1)")
    (add_net "Net-(FB35-Pad2)")
    (add_net "Net-(FB36-Pad1)")
    (add_net "Net-(FB36-Pad2)")
    (add_net "Net-(FB37-Pad1)")
    (add_net "Net-(FB37-Pad2)")
    (add_net "Net-(FB38-Pad1)")
    (add_net "Net-(FB39-Pad1)")
    (add_net "Net-(FB40-Pad1)")
    (add_net "Net-(FB41-Pad1)")
    (add_net "Net-(FB42-Pad1)")
    (add_net "Net-(FB43-Pad1)")
    (add_net "Net-(FB44-Pad1)")
    (add_net "Net-(FB45-Pad2)")
    (add_net "Net-(FB46-Pad2)")
    (add_net "Net-(FB47-Pad1)")
    (add_net "Net-(FB48-Pad1)")
    (add_net "Net-(FB49-Pad1)")
    (add_net "Net-(IC1-PadA2)")
    (add_net "Net-(IC1-PadA3)")
    (add_net "Net-(IC1-PadA5)")
    (add_net "Net-(IC1-PadB1)")
    (add_net "Net-(IC1-PadB5)")
    (add_net "Net-(IC1-PadC5)")
    (add_net "Net-(IC2-PadA2)")
    (add_net "Net-(IC2-PadA5)")
    (add_net "Net-(IC2-PadB1)")
    (add_net "Net-(IC2-PadB5)")
    (add_net "Net-(IC2-PadC2)")
    (add_net "Net-(IC2-PadC5)")
    (add_net "Net-(IC3-Pad15)")
    (add_net "Net-(IC3-Pad16)")
    (add_net "Net-(IC3-Pad7)")
    (add_net "Net-(IC3-Pad8)")
    (add_net "Net-(IC3-Pad9)")
    (add_net "Net-(J1-Pad1)")
    (add_net "Net-(J1-Pad3)")
    (add_net "Net-(J11-Pad1)")
    (add_net "Net-(J11-Pad2)")
    (add_net "Net-(J11-Pad4)")
    (add_net "Net-(J11-Pad6)")
    (add_net "Net-(J12-Pad6)")
    (add_net "Net-(J12-Pad7)")
    (add_net "Net-(J12-Pad8)")
    (add_net "Net-(J15-Pad1)")
    (add_net "Net-(J15-Pad2)")
    (add_net "Net-(J15-Pad3)")
    (add_net "Net-(J15-Pad4)")
    (add_net "Net-(J15-Pad5)")
    (add_net "Net-(J15-Pad6)")
    (add_net "Net-(J20-Pad6)")
    (add_net "Net-(J3-Pad1)")
    (add_net "Net-(J3-Pad2)")
    (add_net "Net-(J3-Pad3)")
    (add_net "Net-(J5-Pad1)")
    (add_net "Net-(J5-Pad11)")
    (add_net "Net-(J5-Pad15)")
    (add_net "Net-(J5-Pad17)")
    (add_net "Net-(J5-Pad19)")
    (add_net "Net-(J6-Pad11)")
    (add_net "Net-(J6-Pad12)")
    (add_net "Net-(J6-Pad13)")
    (add_net "Net-(J6-Pad15)")
    (add_net "Net-(J6-Pad16)")
    (add_net "Net-(J6-Pad18)")
    (add_net "Net-(J6-Pad19)")
    (add_net "Net-(J6-Pad21)")
    (add_net "Net-(J6-Pad22)")
    (add_net "Net-(J6-Pad23)")
    (add_net "Net-(J6-Pad24)")
    (add_net "Net-(J6-Pad26)")
    (add_net "Net-(J6-Pad29)")
    (add_net "Net-(J6-Pad3)")
    (add_net "Net-(J6-Pad31)")
    (add_net "Net-(J6-Pad32)")
    (add_net "Net-(J6-Pad33)")
    (add_net "Net-(J6-Pad35)")
    (add_net "Net-(J6-Pad36)")
    (add_net "Net-(J6-Pad37)")
    (add_net "Net-(J6-Pad38)")
    (add_net "Net-(J6-Pad40)")
    (add_net "Net-(J6-Pad5)")
    (add_net "Net-(J6-Pad7)")
    (add_net "Net-(Q1-Pad1)")
    (add_net "Net-(Q1-Pad3)")
    (add_net "Net-(Q2-Pad1)")
    (add_net "Net-(Q2-Pad3)")
    (add_net "Net-(Q3-Pad1)")
    (add_net "Net-(Q3-Pad3)")
    (add_net "Net-(Q4-Pad1)")
    (add_net "Net-(Q4-Pad3)")
    (add_net "Net-(Q5-Pad1)")
    (add_net "Net-(Q6-Pad1)")
    (add_net "Net-(R14-Pad2)")
    (add_net "Net-(R18-Pad1)")
    (add_net "Net-(R19-Pad1)")
    (add_net "Net-(R20-Pad1)")
    (add_net "Net-(R22-Pad2)")
    (add_net "Net-(R24-Pad2)")
    (add_net "Net-(R26-Pad2)")
    (add_net "Net-(R32-Pad1)")
    (add_net "Net-(R33-Pad1)")
    (add_net "Net-(R35-Pad2)")
    (add_net "Net-(R36-Pad2)")
    (add_net "Net-(R38-Pad2)")
    (add_net "Net-(R50-Pad1)")
    (add_net "Net-(R51-Pad1)")
    (add_net "Net-(R7-Pad2)")
    (add_net "Net-(R75-Pad2)")
    (add_net "Net-(R8-Pad2)")
    (add_net "Net-(U1-Pad13)")
    (add_net "Net-(U10-Pad3)")
    (add_net "Net-(U11-Pad3)")
    (add_net "Net-(U12-Pad13)")
    (add_net "Net-(U12-Pad14)")
    (add_net "Net-(U12-Pad15)")
    (add_net "Net-(U12-Pad17)")
    (add_net "Net-(U12-Pad4)")
    (add_net "Net-(U12-Pad8)")
    (add_net "Net-(U13-Pad10)")
    (add_net "Net-(U13-Pad11)")
    (add_net "Net-(U13-Pad12)")
    (add_net "Net-(U13-Pad13)")
    (add_net "Net-(U13-Pad14)")
    (add_net "Net-(U13-Pad16)")
    (add_net "Net-(U13-Pad17)")
    (add_net "Net-(U13-Pad19)")
    (add_net "Net-(U13-Pad2)")
    (add_net "Net-(U13-Pad20)")
    (add_net "Net-(U13-Pad4)")
    (add_net "Net-(U13-Pad5)")
    (add_net "Net-(U13-Pad6)")
    (add_net "Net-(U13-Pad7)")
    (add_net "Net-(U13-Pad9)")
    (add_net "Net-(U14-Pad5)")
    (add_net "Net-(U15-Pad1)")
    (add_net "Net-(U15-Pad2)")
    (add_net "Net-(U15-Pad3)")
    (add_net "Net-(U15-Pad4)")
    (add_net "Net-(U16-Pad5)")
    (add_net "Net-(U17-Pad125)")
    (add_net "Net-(U17-Pad75)")
    (add_net "Net-(U17-Pad76)")
    (add_net "Net-(U17-Pad78)")
    (add_net "Net-(U17-Pad79)")
    (add_net "Net-(U17-Pad86)")
    (add_net "Net-(U19-Pad4)")
    (add_net "Net-(U19-Pad5)")
    (add_net "Net-(U3-Pad3)")
    (add_net "Net-(U3-Pad8)")
    (add_net "Net-(U4-Pad3)")
    (add_net "Net-(U4-Pad8)")
    (add_net "Net-(U5-Pad3)")
    (add_net "Net-(U5-Pad8)")
    (add_net "Net-(U9-Pad3)")
    (add_net OctoSPI_P1_CLK)
    (add_net OctoSPI_P1_DQS)
    (add_net OctoSPI_P1_IO0)
    (add_net OctoSPI_P1_IO1)
    (add_net OctoSPI_P1_IO2)
    (add_net OctoSPI_P1_IO3)
    (add_net OctoSPI_P1_IO4)
    (add_net OctoSPI_P1_IO5)
    (add_net OctoSPI_P1_IO6)
    (add_net OctoSPI_P1_IO7)
    (add_net OctoSPI_P1_NCS)
    (add_net OctoSPI_P2_CLK)
    (add_net OctoSPI_P2_DQS)
    (add_net OctoSPI_P2_IO0)
    (add_net OctoSPI_P2_IO1)
    (add_net OctoSPI_P2_IO2)
    (add_net OctoSPI_P2_IO3)
    (add_net OctoSPI_P2_IO4)
    (add_net OctoSPI_P2_IO5)
    (add_net OctoSPI_P2_IO6)
    (add_net OctoSPI_P2_IO7)
    (add_net OctoSPI_P2_NCS)
    (add_net P0)
    (add_net P1)
    (add_net P2)
    (add_net P3)
    (add_net P4)
    (add_net P5)
    (add_net P6)
    (add_net P7)
    (add_net PA9)
    (add_net PB2)
    (add_net PC6)
    (add_net PC7)
    (add_net PF11)
    (add_net PWR_Reset)
    (add_net RESET)
    (add_net RS485-A)
    (add_net RS485-B)
    (add_net Rasp_Shutdown)
    (add_net Rasp_down)
    (add_net SLP-LIN1)
    (add_net SLP-LIN2)
    (add_net SLP-LIN3)
    (add_net SPI1_MISO)
    (add_net SPI1_MOSI)
    (add_net SPI1_NSS)
    (add_net SPI1_SCK)
    (add_net STB-CAN)
    (add_net Signal_LED)
    (add_net TOUCH_INT)
    (add_net TOUCH_RESET)
    (add_net UART4_RX)
    (add_net UART4_TX)
    (add_net UART5_RX)
    (add_net UART5_TX)
    (add_net USART1_RX_LIN1)
    (add_net USART1_TX_LIN1)
    (add_net USART2_RX_LIN2)
    (add_net USART2_TX_LIN2)
    (add_net USART3_RX_LIN3)
    (add_net USART3_TX_LIN3)
    (add_net USB_D+)
    (add_net USB_D-)
    (add_net USB_ID)
    (add_net USB_SOF)
    (add_net VSW_Disp_EN)
    (add_net Wakeup)
    (add_net X+)
    (add_net X-)
    (add_net Y+)
    (add_net Y-)
  )

  (module Capacitor_SMD:C_0603_1608Metric (layer F.Cu) (tedit 5B301BBE) (tstamp 5CC3B87E)
    (at 153.905001 175.645001)
    (descr "Capacitor SMD 0603 (1608 Metric), square (rectangular) end terminal, IPC_7351 nominal, (Body size source: http://www.tortai-tech.com/upload/download/2011102023233369053.pdf), generated with kicad-footprint-generator")
    (tags capacitor)
    (path /5C8BBC94/5CA058B6)
    (attr smd)
    (fp_text reference C11 (at 0 -1.43) (layer F.SilkS)
      (effects (font (size 1 1) (thickness 0.15)))
    )
    (fp_text value 1uF (at 0 1.43) (layer F.Fab)
      (effects (font (size 1 1) (thickness 0.15)))
    )
    (fp_text user %R (at 0 0) (layer F.Fab)
      (effects (font (size 0.4 0.4) (thickness 0.06)))
    )
    (fp_line (start 1.48 0.73) (end -1.48 0.73) (layer F.CrtYd) (width 0.05))
    (fp_line (start 1.48 -0.73) (end 1.48 0.73) (layer F.CrtYd) (width 0.05))
    (fp_line (start -1.48 -0.73) (end 1.48 -0.73) (layer F.CrtYd) (width 0.05))
    (fp_line (start -1.48 0.73) (end -1.48 -0.73) (layer F.CrtYd) (width 0.05))
    (fp_line (start -0.162779 0.51) (end 0.162779 0.51) (layer F.SilkS) (width 0.12))
    (fp_line (start -0.162779 -0.51) (end 0.162779 -0.51) (layer F.SilkS) (width 0.12))
    (fp_line (start 0.8 0.4) (end -0.8 0.4) (layer F.Fab) (width 0.1))
    (fp_line (start 0.8 -0.4) (end 0.8 0.4) (layer F.Fab) (width 0.1))
    (fp_line (start -0.8 -0.4) (end 0.8 -0.4) (layer F.Fab) (width 0.1))
    (fp_line (start -0.8 0.4) (end -0.8 -0.4) (layer F.Fab) (width 0.1))
    (pad 2 smd roundrect (at 0.7875 0) (size 0.875 0.95) (layers F.Cu F.Paste F.Mask) (roundrect_rratio 0.25)
      (net 131 GND1))
    (pad 1 smd roundrect (at -0.7875 0) (size 0.875 0.95) (layers F.Cu F.Paste F.Mask) (roundrect_rratio 0.25)
      (net 8 +3V3))
    (model ${KISYS3DMOD}/Capacitor_SMD.3dshapes/C_0603_1608Metric.wrl
      (at (xyz 0 0 0))
      (scale (xyz 1 1 1))
      (rotate (xyz 0 0 0))
    )
  )

  (module Capacitor_SMD:C_0603_1608Metric (layer F.Cu) (tedit 5B301BBE) (tstamp 5CC3B86D)
    (at 164.535001 172.435001)
    (descr "Capacitor SMD 0603 (1608 Metric), square (rectangular) end terminal, IPC_7351 nominal, (Body size source: http://www.tortai-tech.com/upload/download/2011102023233369053.pdf), generated with kicad-footprint-generator")
    (tags capacitor)
    (path /5C8BBC94/5CA1D026)
    (attr smd)
    (fp_text reference C12 (at 0 -1.43) (layer F.SilkS)
      (effects (font (size 1 1) (thickness 0.15)))
    )
    (fp_text value 3p3 (at 0 1.43) (layer F.Fab)
      (effects (font (size 1 1) (thickness 0.15)))
    )
    (fp_line (start -0.8 0.4) (end -0.8 -0.4) (layer F.Fab) (width 0.1))
    (fp_line (start -0.8 -0.4) (end 0.8 -0.4) (layer F.Fab) (width 0.1))
    (fp_line (start 0.8 -0.4) (end 0.8 0.4) (layer F.Fab) (width 0.1))
    (fp_line (start 0.8 0.4) (end -0.8 0.4) (layer F.Fab) (width 0.1))
    (fp_line (start -0.162779 -0.51) (end 0.162779 -0.51) (layer F.SilkS) (width 0.12))
    (fp_line (start -0.162779 0.51) (end 0.162779 0.51) (layer F.SilkS) (width 0.12))
    (fp_line (start -1.48 0.73) (end -1.48 -0.73) (layer F.CrtYd) (width 0.05))
    (fp_line (start -1.48 -0.73) (end 1.48 -0.73) (layer F.CrtYd) (width 0.05))
    (fp_line (start 1.48 -0.73) (end 1.48 0.73) (layer F.CrtYd) (width 0.05))
    (fp_line (start 1.48 0.73) (end -1.48 0.73) (layer F.CrtYd) (width 0.05))
    (fp_text user %R (at 0 0) (layer F.Fab)
      (effects (font (size 0.4 0.4) (thickness 0.06)))
    )
    (pad 1 smd roundrect (at -0.7875 0) (size 0.875 0.95) (layers F.Cu F.Paste F.Mask) (roundrect_rratio 0.25)
      (net 131 GND1))
    (pad 2 smd roundrect (at 0.7875 0) (size 0.875 0.95) (layers F.Cu F.Paste F.Mask) (roundrect_rratio 0.25)
      (net 6 "Net-(C12-Pad2)"))
    (model ${KISYS3DMOD}/Capacitor_SMD.3dshapes/C_0603_1608Metric.wrl
      (at (xyz 0 0 0))
      (scale (xyz 1 1 1))
      (rotate (xyz 0 0 0))
    )
  )

  (module Capacitor_SMD:C_0603_1608Metric (layer F.Cu) (tedit 5B301BBE) (tstamp 5CC3B85C)
    (at 162.935001 175.455001)
    (descr "Capacitor SMD 0603 (1608 Metric), square (rectangular) end terminal, IPC_7351 nominal, (Body size source: http://www.tortai-tech.com/upload/download/2011102023233369053.pdf), generated with kicad-footprint-generator")
    (tags capacitor)
    (path /5C8BBC94/5CA1D165)
    (attr smd)
    (fp_text reference C13 (at 0 -1.43) (layer F.SilkS)
      (effects (font (size 1 1) (thickness 0.15)))
    )
    (fp_text value 3p3 (at 0 1.43) (layer F.Fab)
      (effects (font (size 1 1) (thickness 0.15)))
    )
    (fp_text user %R (at 0 0) (layer F.Fab)
      (effects (font (size 0.4 0.4) (thickness 0.06)))
    )
    (fp_line (start 1.48 0.73) (end -1.48 0.73) (layer F.CrtYd) (width 0.05))
    (fp_line (start 1.48 -0.73) (end 1.48 0.73) (layer F.CrtYd) (width 0.05))
    (fp_line (start -1.48 -0.73) (end 1.48 -0.73) (layer F.CrtYd) (width 0.05))
    (fp_line (start -1.48 0.73) (end -1.48 -0.73) (layer F.CrtYd) (width 0.05))
    (fp_line (start -0.162779 0.51) (end 0.162779 0.51) (layer F.SilkS) (width 0.12))
    (fp_line (start -0.162779 -0.51) (end 0.162779 -0.51) (layer F.SilkS) (width 0.12))
    (fp_line (start 0.8 0.4) (end -0.8 0.4) (layer F.Fab) (width 0.1))
    (fp_line (start 0.8 -0.4) (end 0.8 0.4) (layer F.Fab) (width 0.1))
    (fp_line (start -0.8 -0.4) (end 0.8 -0.4) (layer F.Fab) (width 0.1))
    (fp_line (start -0.8 0.4) (end -0.8 -0.4) (layer F.Fab) (width 0.1))
    (pad 2 smd roundrect (at 0.7875 0) (size 0.875 0.95) (layers F.Cu F.Paste F.Mask) (roundrect_rratio 0.25)
      (net 7 "Net-(C13-Pad2)"))
    (pad 1 smd roundrect (at -0.7875 0) (size 0.875 0.95) (layers F.Cu F.Paste F.Mask) (roundrect_rratio 0.25)
      (net 131 GND1))
    (model ${KISYS3DMOD}/Capacitor_SMD.3dshapes/C_0603_1608Metric.wrl
      (at (xyz 0 0 0))
      (scale (xyz 1 1 1))
      (rotate (xyz 0 0 0))
    )
  )

  (module Capacitor_SMD:C_0603_1608Metric (layer F.Cu) (tedit 5B301BBE) (tstamp 5CC3B84B)
    (at 156.915001 178.665001)
    (descr "Capacitor SMD 0603 (1608 Metric), square (rectangular) end terminal, IPC_7351 nominal, (Body size source: http://www.tortai-tech.com/upload/download/2011102023233369053.pdf), generated with kicad-footprint-generator")
    (tags capacitor)
    (path /5C8BBC97/5CFE3BF0)
    (attr smd)
    (fp_text reference C14 (at 0 -1.43) (layer F.SilkS)
      (effects (font (size 1 1) (thickness 0.15)))
    )
    (fp_text value 100nF (at 0 1.43) (layer F.Fab)
      (effects (font (size 1 1) (thickness 0.15)))
    )
    (fp_line (start -0.8 0.4) (end -0.8 -0.4) (layer F.Fab) (width 0.1))
    (fp_line (start -0.8 -0.4) (end 0.8 -0.4) (layer F.Fab) (width 0.1))
    (fp_line (start 0.8 -0.4) (end 0.8 0.4) (layer F.Fab) (width 0.1))
    (fp_line (start 0.8 0.4) (end -0.8 0.4) (layer F.Fab) (width 0.1))
    (fp_line (start -0.162779 -0.51) (end 0.162779 -0.51) (layer F.SilkS) (width 0.12))
    (fp_line (start -0.162779 0.51) (end 0.162779 0.51) (layer F.SilkS) (width 0.12))
    (fp_line (start -1.48 0.73) (end -1.48 -0.73) (layer F.CrtYd) (width 0.05))
    (fp_line (start -1.48 -0.73) (end 1.48 -0.73) (layer F.CrtYd) (width 0.05))
    (fp_line (start 1.48 -0.73) (end 1.48 0.73) (layer F.CrtYd) (width 0.05))
    (fp_line (start 1.48 0.73) (end -1.48 0.73) (layer F.CrtYd) (width 0.05))
    (fp_text user %R (at 0 0) (layer F.Fab)
      (effects (font (size 0.4 0.4) (thickness 0.06)))
    )
    (pad 1 smd roundrect (at -0.7875 0) (size 0.875 0.95) (layers F.Cu F.Paste F.Mask) (roundrect_rratio 0.25)
      (net 1 GND))
    (pad 2 smd roundrect (at 0.7875 0) (size 0.875 0.95) (layers F.Cu F.Paste F.Mask) (roundrect_rratio 0.25)
      (net 8 +3V3))
    (model ${KISYS3DMOD}/Capacitor_SMD.3dshapes/C_0603_1608Metric.wrl
      (at (xyz 0 0 0))
      (scale (xyz 1 1 1))
      (rotate (xyz 0 0 0))
    )
  )

  (module Capacitor_SMD:C_0603_1608Metric (layer F.Cu) (tedit 5B301BBE) (tstamp 5CC3B83A)
    (at 159.925001 176.965001)
    (descr "Capacitor SMD 0603 (1608 Metric), square (rectangular) end terminal, IPC_7351 nominal, (Body size source: http://www.tortai-tech.com/upload/download/2011102023233369053.pdf), generated with kicad-footprint-generator")
    (tags capacitor)
    (path /5C8BBC94/5CA9B7A9)
    (attr smd)
    (fp_text reference C15 (at 0 -1.43) (layer F.SilkS)
      (effects (font (size 1 1) (thickness 0.15)))
    )
    (fp_text value 1uF (at 0 1.43) (layer F.Fab)
      (effects (font (size 1 1) (thickness 0.15)))
    )
    (fp_text user %R (at 0 0) (layer F.Fab)
      (effects (font (size 0.4 0.4) (thickness 0.06)))
    )
    (fp_line (start 1.48 0.73) (end -1.48 0.73) (layer F.CrtYd) (width 0.05))
    (fp_line (start 1.48 -0.73) (end 1.48 0.73) (layer F.CrtYd) (width 0.05))
    (fp_line (start -1.48 -0.73) (end 1.48 -0.73) (layer F.CrtYd) (width 0.05))
    (fp_line (start -1.48 0.73) (end -1.48 -0.73) (layer F.CrtYd) (width 0.05))
    (fp_line (start -0.162779 0.51) (end 0.162779 0.51) (layer F.SilkS) (width 0.12))
    (fp_line (start -0.162779 -0.51) (end 0.162779 -0.51) (layer F.SilkS) (width 0.12))
    (fp_line (start 0.8 0.4) (end -0.8 0.4) (layer F.Fab) (width 0.1))
    (fp_line (start 0.8 -0.4) (end 0.8 0.4) (layer F.Fab) (width 0.1))
    (fp_line (start -0.8 -0.4) (end 0.8 -0.4) (layer F.Fab) (width 0.1))
    (fp_line (start -0.8 0.4) (end -0.8 -0.4) (layer F.Fab) (width 0.1))
    (pad 2 smd roundrect (at 0.7875 0) (size 0.875 0.95) (layers F.Cu F.Paste F.Mask) (roundrect_rratio 0.25)
      (net 131 GND1))
    (pad 1 smd roundrect (at -0.7875 0) (size 0.875 0.95) (layers F.Cu F.Paste F.Mask) (roundrect_rratio 0.25)
      (net 133 +VSW))
    (model ${KISYS3DMOD}/Capacitor_SMD.3dshapes/C_0603_1608Metric.wrl
      (at (xyz 0 0 0))
      (scale (xyz 1 1 1))
      (rotate (xyz 0 0 0))
    )
  )

  (module Capacitor_SMD:C_0603_1608Metric (layer F.Cu) (tedit 5B301BBE) (tstamp 5CC3B829)
    (at 203.315001 153.635001)
    (descr "Capacitor SMD 0603 (1608 Metric), square (rectangular) end terminal, IPC_7351 nominal, (Body size source: http://www.tortai-tech.com/upload/download/2011102023233369053.pdf), generated with kicad-footprint-generator")
    (tags capacitor)
    (path /5C8BBC97/5C9B95B0)
    (attr smd)
    (fp_text reference C16 (at 0 -1.43) (layer F.SilkS)
      (effects (font (size 1 1) (thickness 0.15)))
    )
    (fp_text value 100nF (at 0 1.43) (layer F.Fab)
      (effects (font (size 1 1) (thickness 0.15)))
    )
    (fp_line (start -0.8 0.4) (end -0.8 -0.4) (layer F.Fab) (width 0.1))
    (fp_line (start -0.8 -0.4) (end 0.8 -0.4) (layer F.Fab) (width 0.1))
    (fp_line (start 0.8 -0.4) (end 0.8 0.4) (layer F.Fab) (width 0.1))
    (fp_line (start 0.8 0.4) (end -0.8 0.4) (layer F.Fab) (width 0.1))
    (fp_line (start -0.162779 -0.51) (end 0.162779 -0.51) (layer F.SilkS) (width 0.12))
    (fp_line (start -0.162779 0.51) (end 0.162779 0.51) (layer F.SilkS) (width 0.12))
    (fp_line (start -1.48 0.73) (end -1.48 -0.73) (layer F.CrtYd) (width 0.05))
    (fp_line (start -1.48 -0.73) (end 1.48 -0.73) (layer F.CrtYd) (width 0.05))
    (fp_line (start 1.48 -0.73) (end 1.48 0.73) (layer F.CrtYd) (width 0.05))
    (fp_line (start 1.48 0.73) (end -1.48 0.73) (layer F.CrtYd) (width 0.05))
    (fp_text user %R (at 0 0) (layer F.Fab)
      (effects (font (size 0.4 0.4) (thickness 0.06)))
    )
    (pad 1 smd roundrect (at -0.7875 0) (size 0.875 0.95) (layers F.Cu F.Paste F.Mask) (roundrect_rratio 0.25)
      (net 1 GND))
    (pad 2 smd roundrect (at 0.7875 0) (size 0.875 0.95) (layers F.Cu F.Paste F.Mask) (roundrect_rratio 0.25)
      (net 18 +BATT))
    (model ${KISYS3DMOD}/Capacitor_SMD.3dshapes/C_0603_1608Metric.wrl
      (at (xyz 0 0 0))
      (scale (xyz 1 1 1))
      (rotate (xyz 0 0 0))
    )
  )

  (module Capacitor_SMD:C_0603_1608Metric (layer F.Cu) (tedit 5B301BBE) (tstamp 5CC3B818)
    (at 199.625001 157.535001)
    (descr "Capacitor SMD 0603 (1608 Metric), square (rectangular) end terminal, IPC_7351 nominal, (Body size source: http://www.tortai-tech.com/upload/download/2011102023233369053.pdf), generated with kicad-footprint-generator")
    (tags capacitor)
    (path /5C8BBC97/5C9B96D7)
    (attr smd)
    (fp_text reference C17 (at 0 -1.43) (layer F.SilkS)
      (effects (font (size 1 1) (thickness 0.15)))
    )
    (fp_text value 100nF (at 0 1.43) (layer F.Fab)
      (effects (font (size 1 1) (thickness 0.15)))
    )
    (fp_text user %R (at 0 0) (layer F.Fab)
      (effects (font (size 0.4 0.4) (thickness 0.06)))
    )
    (fp_line (start 1.48 0.73) (end -1.48 0.73) (layer F.CrtYd) (width 0.05))
    (fp_line (start 1.48 -0.73) (end 1.48 0.73) (layer F.CrtYd) (width 0.05))
    (fp_line (start -1.48 -0.73) (end 1.48 -0.73) (layer F.CrtYd) (width 0.05))
    (fp_line (start -1.48 0.73) (end -1.48 -0.73) (layer F.CrtYd) (width 0.05))
    (fp_line (start -0.162779 0.51) (end 0.162779 0.51) (layer F.SilkS) (width 0.12))
    (fp_line (start -0.162779 -0.51) (end 0.162779 -0.51) (layer F.SilkS) (width 0.12))
    (fp_line (start 0.8 0.4) (end -0.8 0.4) (layer F.Fab) (width 0.1))
    (fp_line (start 0.8 -0.4) (end 0.8 0.4) (layer F.Fab) (width 0.1))
    (fp_line (start -0.8 -0.4) (end 0.8 -0.4) (layer F.Fab) (width 0.1))
    (fp_line (start -0.8 0.4) (end -0.8 -0.4) (layer F.Fab) (width 0.1))
    (pad 2 smd roundrect (at 0.7875 0) (size 0.875 0.95) (layers F.Cu F.Paste F.Mask) (roundrect_rratio 0.25)
      (net 18 +BATT))
    (pad 1 smd roundrect (at -0.7875 0) (size 0.875 0.95) (layers F.Cu F.Paste F.Mask) (roundrect_rratio 0.25)
      (net 1 GND))
    (model ${KISYS3DMOD}/Capacitor_SMD.3dshapes/C_0603_1608Metric.wrl
      (at (xyz 0 0 0))
      (scale (xyz 1 1 1))
      (rotate (xyz 0 0 0))
    )
  )

  (module Capacitor_SMD:C_0603_1608Metric (layer F.Cu) (tedit 5B301BBE) (tstamp 5CC3B807)
    (at 199.825001 155.145001)
    (descr "Capacitor SMD 0603 (1608 Metric), square (rectangular) end terminal, IPC_7351 nominal, (Body size source: http://www.tortai-tech.com/upload/download/2011102023233369053.pdf), generated with kicad-footprint-generator")
    (tags capacitor)
    (path /5C8BBC97/5C9B97EB)
    (attr smd)
    (fp_text reference C18 (at 0 -1.43) (layer F.SilkS)
      (effects (font (size 1 1) (thickness 0.15)))
    )
    (fp_text value 100nF (at 0 1.43) (layer F.Fab)
      (effects (font (size 1 1) (thickness 0.15)))
    )
    (fp_line (start -0.8 0.4) (end -0.8 -0.4) (layer F.Fab) (width 0.1))
    (fp_line (start -0.8 -0.4) (end 0.8 -0.4) (layer F.Fab) (width 0.1))
    (fp_line (start 0.8 -0.4) (end 0.8 0.4) (layer F.Fab) (width 0.1))
    (fp_line (start 0.8 0.4) (end -0.8 0.4) (layer F.Fab) (width 0.1))
    (fp_line (start -0.162779 -0.51) (end 0.162779 -0.51) (layer F.SilkS) (width 0.12))
    (fp_line (start -0.162779 0.51) (end 0.162779 0.51) (layer F.SilkS) (width 0.12))
    (fp_line (start -1.48 0.73) (end -1.48 -0.73) (layer F.CrtYd) (width 0.05))
    (fp_line (start -1.48 -0.73) (end 1.48 -0.73) (layer F.CrtYd) (width 0.05))
    (fp_line (start 1.48 -0.73) (end 1.48 0.73) (layer F.CrtYd) (width 0.05))
