(kicad_pcb (version 20171130) (host pcbnew "(5.0.2)-1")

  (general
    (thickness 1.6)
    (drawings 0)
    (tracks 0)
    (zones 0)
    (modules 319)
    (nets 439)
  )

  (page A4)
  (layers
    (0 F.Cu signal)
    (31 B.Cu signal)
    (32 B.Adhes user)
    (33 F.Adhes user)
    (34 B.Paste user)
    (35 F.Paste user)
    (36 B.SilkS user)
    (37 F.SilkS user)
    (38 B.Mask user)
    (39 F.Mask user)
    (40 Dwgs.User user)
    (41 Cmts.User user)
    (42 Eco1.User user)
    (43 Eco2.User user)
    (44 Edge.Cuts user)
    (45 Margin user)
    (46 B.CrtYd user)
    (47 F.CrtYd user)
    (48 B.Fab user)
    (49 F.Fab user)
  )

  (setup
    (last_trace_width 0.25)
    (trace_clearance 0.2)
    (zone_clearance 0.508)
    (zone_45_only no)
    (trace_min 0.2)
    (segment_width 0.2)
    (edge_width 0.1)
    (via_size 0.8)
    (via_drill 0.4)
    (via_min_size 0.4)
    (via_min_drill 0.3)
    (uvia_size 0.3)
    (uvia_drill 0.1)
    (uvias_allowed no)
    (uvia_min_size 0.2)
    (uvia_min_drill 0.1)
    (pcb_text_width 0.3)
    (pcb_text_size 1.5 1.5)
    (mod_edge_width 0.15)
    (mod_text_size 1 1)
    (mod_text_width 0.15)
    (pad_size 1.5 1.5)
    (pad_drill 0.6)
    (pad_to_mask_clearance 0)
    (solder_mask_min_width 0.25)
    (aux_axis_origin 0 0)
    (visible_elements 7FFFFFFF)
    (pcbplotparams
      (layerselection 0x010fc_ffffffff)
      (usegerberextensions false)
      (usegerberattributes false)
      (usegerberadvancedattributes false)
      (creategerberjobfile false)
      (excludeedgelayer true)
      (linewidth 0.100000)
      (plotframeref false)
      (viasonmask false)
      (mode 1)
      (useauxorigin false)
      (hpglpennumber 1)
      (hpglpenspeed 20)
      (hpglpendiameter 15.000000)
      (psnegative false)
      (psa4output false)
      (plotreference true)
      (plotvalue true)
      (plotinvisibletext false)
      (padsonsilk false)
      (subtractmaskfromsilk false)
      (outputformat 1)
      (mirror false)
      (drillshape 1)
      (scaleselection 1)
      (outputdirectory ""))
  )

  (net 0 "")
  (net 1 1Wire_P4)
  (net 2 GND)
  (net 3 1Wire_P5)
  (net 4 1Wire_P6)
  (net 5 1Wire_P7)
  (net 6 1Wire_P3)
  (net 7 1Wire_P2)
  (net 8 1Wire_P1)
  (net 9 1Wire_P0)
  (net 10 "Net-(C304-Pad1)")
  (net 11 "Net-(C305-Pad1)")
  (net 12 "Net-(C306-Pad1)")
  (net 13 "Net-(C307-Pad1)")
  (net 14 "Net-(C303-Pad1)")
  (net 15 "Net-(C302-Pad1)")
  (net 16 "Net-(C301-Pad1)")
  (net 17 "Net-(C300-Pad1)")
  (net 18 CAN-H)
  (net 19 CAN-L)
  (net 20 RS485-A)
  (net 21 RS485-B)
  (net 22 LIN3)
  (net 23 LIN2)
  (net 24 LIN1)
  (net 25 DC_Input)
  (net 26 "Net-(C123-Pad1)")
  (net 27 +5VD)
  (net 28 "Net-(IC1-PadA2)")
  (net 29 "Net-(IC1-PadA3)")
  (net 30 RESET)
  (net 31 "Net-(IC1-PadA5)")
  (net 32 "Net-(IC1-PadB1)")
  (net 33 OctoSPI_P1_CLK)
  (net 34 GND1)
  (net 35 VCCQ)
  (net 36 "Net-(IC1-PadB5)")
  (net 37 OctoSPI_P1_NCS)
  (net 38 OctoSPI_P1_DQS)
  (net 39 OctoSPI_P1_IO2)
  (net 40 "Net-(IC1-PadC5)")
  (net 41 OctoSPI_P1_IO1)
  (net 42 OctoSPI_P1_IO0)
  (net 43 OctoSPI_P1_IO3)
  (net 44 OctoSPI_P1_IO4)
  (net 45 OctoSPI_P1_IO7)
  (net 46 OctoSPI_P1_IO6)
  (net 47 OctoSPI_P1_IO5)
  (net 48 OctoSPI_P2_IO5)
  (net 49 OctoSPI_P2_IO6)
  (net 50 OctoSPI_P2_IO7)
  (net 51 OctoSPI_P2_IO4)
  (net 52 OctoSPI_P2_IO3)
  (net 53 OctoSPI_P2_IO0)
  (net 54 OctoSPI_P2_IO1)
  (net 55 "Net-(IC2-PadC5)")
  (net 56 OctoSPI_P2_IO2)
  (net 57 OctoSPI_P2_DQS)
  (net 58 "Net-(IC2-PadC2)")
  (net 59 "Net-(IC2-PadB5)")
  (net 60 OctoSPI_P2_CLK)
  (net 61 "Net-(IC2-PadB1)")
  (net 62 "Net-(IC2-PadA5)")
  (net 63 OctoSPI_P2_NCS)
  (net 64 "Net-(IC2-PadA2)")
  (net 65 *LCD_LED-K)
  (net 66 *LCD_LED-A)
  (net 67 VCC)
  (net 68 LCD_R0)
  (net 69 LCD_R1)
  (net 70 LCD_R2)
  (net 71 LCD_R3)
  (net 72 LCD_R4)
  (net 73 LCD_R5)
  (net 74 LCD_R6)
  (net 75 LCD_R7)
  (net 76 LCD_G0)
  (net 77 LCD_G1)
  (net 78 LCD_G2)
  (net 79 LCD_G3)
  (net 80 LCD_G4)
  (net 81 LCD_G5)
  (net 82 LCD_G6)
  (net 83 LCD_G7)
  (net 84 LCD_B0)
  (net 85 LCD_B1)
  (net 86 LCD_B2)
  (net 87 LCD_B3)
  (net 88 LCD_B4)
  (net 89 LCD_B5)
  (net 90 LCD_B6)
  (net 91 LCD_B7)
  (net 92 LCD_CLK)
  (net 93 LCD_EN)
  (net 94 LCD_HSYNC)
  (net 95 LCD_VSYNC)
  (net 96 LCD_DE)
  (net 97 LCD_37)
  (net 98 LCD_38)
  (net 99 LCD_39)
  (net 100 LCD_40)
  (net 101 I2C3_SCL)
  (net 102 I2C3_SDA)
  (net 103 TOUCH_INT)
  (net 104 TOUCH_RESET)
  (net 105 +BATT)
  (net 106 "Net-(J308-Pad6)")
  (net 107 "Net-(Q104-Pad3)")
  (net 108 LCD_BL_CTRL)
  (net 109 +VSW)
  (net 110 "Net-(R123-Pad2)")
  (net 111 VSW_Disp_EN)
  (net 112 "Net-(Q104-Pad1)")
  (net 113 "Net-(D5-Pad1)")
  (net 114 "Net-(C203-Pad1)")
  (net 115 "Net-(R122-Pad2)")
  (net 116 "Net-(R121-Pad1)")
  (net 117 "Net-(Q103-Pad3)")
  (net 118 "Net-(Q103-Pad1)")
  (net 119 5V_Raspi_EN)
  (net 120 "Net-(R127-Pad1)")
  (net 121 "Net-(R128-Pad2)")
  (net 122 "Net-(C134-Pad1)")
  (net 123 +3V3)
  (net 124 USART1_RX_LIN1)
  (net 125 "Net-(C201-Pad1)")
  (net 126 "Net-(D4-Pad1)")
  (net 127 USART2_RX_LIN2)
  (net 128 "Net-(R109-Pad2)")
  (net 129 USART3_RX_LIN3)
  (net 130 "Net-(C106-Pad1)")
  (net 131 +5V)
  (net 132 "Net-(Q100-Pad3)")
  (net 133 "Net-(R100-Pad2)")
  (net 134 "Net-(R103-Pad2)")
  (net 135 5V_EN)
  (net 136 "Net-(Q100-Pad1)")
  (net 137 "Net-(R102-Pad1)")
  (net 138 I2C2_SDA)
  (net 139 I2C2_SCL)
  (net 140 "Net-(R107-Pad1)")
  (net 141 "Net-(R114-Pad2)")
  (net 142 LCD_LED-K)
  (net 143 "Net-(R117-Pad1)")
  (net 144 "Net-(D206-Pad4)")
  (net 145 +3.3VA)
  (net 146 "Net-(Q102-Pad1)")
  (net 147 3VA_EN)
  (net 148 "Net-(C205-Pad1)")
  (net 149 "Net-(D6-Pad1)")
  (net 150 "Net-(R113-Pad1)")
  (net 151 "Net-(Q102-Pad3)")
  (net 152 AIN7)
  (net 153 "Net-(FB307-Pad2)")
  (net 154 "Net-(FB308-Pad2)")
  (net 155 P3)
  (net 156 "Net-(C210-Pad1)")
  (net 157 "Net-(D203-Pad2)")
  (net 158 AIN4)
  (net 159 AIN5)
  (net 160 AIN6)
  (net 161 "Net-(FB304-Pad2)")
  (net 162 "Net-(FB305-Pad2)")
  (net 163 "Net-(FB306-Pad2)")
  (net 164 "Net-(FB303-Pad2)")
  (net 165 AIN3)
  (net 166 P2)
  (net 167 "Net-(FB311-Pad1)")
  (net 168 P0)
  (net 169 "Net-(Q300-Pad1)")
  (net 170 "Net-(Q301-Pad1)")
  (net 171 P1)
  (net 172 "Net-(R116-Pad1)")
  (net 173 Boot0)
  (net 174 "Net-(R208-Pad2)")
  (net 175 "Net-(D204-Pad2)")
  (net 176 "Net-(D205-Pad1)")
  (net 177 "Net-(D203-Pad1)")
  (net 178 "Net-(D206-Pad3)")
  (net 179 "Net-(D204-Pad1)")
  (net 180 "Net-(R210-Pad2)")
  (net 181 "Net-(D206-Pad1)")
  (net 182 "Net-(D206-Pad5)")
  (net 183 Wakeup)
  (net 184 "Net-(D205-Pad3)")
  (net 185 "Net-(D205-Pad5)")
  (net 186 "Net-(FB302-Pad2)")
  (net 187 AIN2)
  (net 188 AIN1)
  (net 189 "Net-(FB301-Pad2)")
  (net 190 "Net-(FB300-Pad2)")
  (net 191 AIN0)
  (net 192 "Net-(D205-Pad4)")
  (net 193 +3.3VP)
  (net 194 BLE_RST)
  (net 195 "Net-(U3-Pad4)")
  (net 196 "Net-(U3-Pad5)")
  (net 197 SPI1_SCK)
  (net 198 SPI1_NSS)
  (net 199 SPI1_MOSI)
  (net 200 SPI1_MISO)
  (net 201 BLE_INT)
  (net 202 BLE_Active)
  (net 203 ESP_Reset)
  (net 204 "Net-(U300-Pad2)")
  (net 205 ESP_Enable)
  (net 206 "Net-(U300-Pad4)")
  (net 207 "Net-(U300-Pad5)")
  (net 208 "Net-(U300-Pad6)")
  (net 209 "Net-(U300-Pad7)")
  (net 210 "Net-(U300-Pad9)")
  (net 211 "Net-(U300-Pad10)")
  (net 212 "Net-(U300-Pad11)")
  (net 213 "Net-(U300-Pad12)")
  (net 214 "Net-(U300-Pad13)")
  (net 215 "Net-(U300-Pad14)")
  (net 216 "Net-(U300-Pad16)")
  (net 217 "Net-(U300-Pad17)")
  (net 218 ESP_Boot)
  (net 219 "Net-(U300-Pad19)")
  (net 220 "Net-(U300-Pad20)")
  (net 221 UART5_TX)
  (net 222 UART5_RX)
  (net 223 I2C4_SDA)
  (net 224 I2C4_SCL)
  (net 225 PF11)
  (net 226 P7)
  (net 227 P6)
  (net 228 P5)
  (net 229 P4)
  (net 230 PC6)
  (net 231 PC7)
  (net 232 "Net-(D303-Pad4)")
  (net 233 PB2)
  (net 234 USB_D-)
  (net 235 USB_D+)
  (net 236 "Net-(J6-Pad3)")
  (net 237 "Net-(J6-Pad2)")
  (net 238 "Net-(J6-Pad1)")
  (net 239 "Net-(FB310-Pad1)")
  (net 240 "Net-(FB309-Pad1)")
  (net 241 X+)
  (net 242 Y+)
  (net 243 X-)
  (net 244 Y-)
  (net 245 "Net-(IC3-Pad7)")
  (net 246 "Net-(IC3-Pad8)")
  (net 247 "Net-(IC3-Pad9)")
  (net 248 "Net-(IC3-Pad15)")
  (net 249 "Net-(IC3-Pad16)")
  (net 250 SLP-LIN1)
  (net 251 "Net-(U200-Pad3)")
  (net 252 USART1_TX_LIN1)
  (net 253 "Net-(U200-Pad8)")
  (net 254 "Net-(U201-Pad8)")
  (net 255 USART2_TX_LIN2)
  (net 256 "Net-(U201-Pad3)")
  (net 257 SLP-LIN2)
  (net 258 SLP-LIN3)
  (net 259 "Net-(U202-Pad3)")
  (net 260 USART3_TX_LIN3)
  (net 261 "Net-(U202-Pad8)")
  (net 262 STB-CAN)
  (net 263 CAN1_RX)
  (net 264 CAN1_TX)
  (net 265 *LPUART_RX_RS485)
  (net 266 LPUART_RTS_DE_RS485)
  (net 267 LPUART_TX_RS485)
  (net 268 "Net-(U205-Pad5)")
  (net 269 "Net-(U206-Pad13)")
  (net 270 "Net-(U207-Pad13)")
  (net 271 "Net-(U208-Pad1)")
  (net 272 "Net-(U208-Pad2)")
  (net 273 "Net-(U208-Pad3)")
  (net 274 "Net-(U208-Pad4)")
  (net 275 "Net-(BT1-Pad1)")
  (net 276 Signal_LED)
  (net 277 "Net-(C23-Pad2)")
  (net 278 "Net-(C24-Pad2)")
  (net 279 *ESP_Reset)
  (net 280 *ESP_Enable)
  (net 281 *ESP_Boot)
  (net 282 "Net-(C21-Pad1)")
  (net 283 "Net-(C22-Pad1)")
  (net 284 *Rasp_down)
  (net 285 *UART4_TX)
  (net 286 *UART4_RX)
  (net 287 *USART2_TX_LIN2)
  (net 288 *USART2_RX_LIN2)
  (net 289 *LCD_BL_CTR)
  (net 290 *PB2)
  (net 291 *PF11)
  (net 292 *I2C4_SCL)
  (net 293 *I2C4_SDA)
  (net 294 *LPUART_TX_RS485)
  (net 295 *LPUART_RX_RX485)
  (net 296 *LPUART_RTS_DE_RS485)
  (net 297 *I2C2_SCL)
  (net 298 *I2C2_SDA)
  (net 299 *Rasp_Shutdown)
  (net 300 "Net-(C17-Pad2)")
  (net 301 "Net-(U1-Pad75)")
  (net 302 "Net-(U1-Pad76)")
  (net 303 "Net-(U1-Pad78)")
  (net 304 "Net-(U1-Pad79)")
  (net 305 PD13)
  (net 306 *PC6)
  (net 307 *PC7)
  (net 308 LCD_INT)
  (net 309 USB_SOF)
  (net 310 PA9)
  (net 311 USB_ID)
  (net 312 JTAG_TMS)
  (net 313 JTAG_TCK)
  (net 314 JTAG_TDI)
  (net 315 *USART3_TX_LIN3)
  (net 316 *USART3_RX_LIN3)
  (net 317 *UART5_TX)
  (net 318 *UART5_RX)
  (net 319 PD4)
  (net 320 PD7)
  (net 321 JTAG_TDO)
  (net 322 JTAG_RES)
  (net 323 *USART1_TX_LIN1)
  (net 324 *USART1_RX_LIN1)
  (net 325 *CAN1_RX)
  (net 326 *CAN1_TX)
  (net 327 "Net-(U104-Pad4)")
  (net 328 "Net-(U104-Pad8)")
  (net 329 "Net-(C127-Pad2)")
  (net 330 "Net-(U104-Pad13)")
  (net 331 "Net-(U104-Pad14)")
  (net 332 "Net-(U104-Pad15)")
  (net 333 "Net-(C122-Pad1)")
  (net 334 "Net-(U104-Pad17)")
  (net 335 "Net-(C123-Pad2)")
  (net 336 "Net-(C115-Pad1)")
  (net 337 "Net-(U103-Pad5)")
  (net 338 LCD_LED-A)
  (net 339 "Net-(D100-Pad1)")
  (net 340 "Net-(U105-Pad3)")
  (net 341 "Net-(C133-Pad1)")
  (net 342 "Net-(C137-Pad2)")
  (net 343 "Net-(C135-Pad2)")
  (net 344 "Net-(C135-Pad1)")
  (net 345 "Net-(C107-Pad1)")
  (net 346 "Net-(C107-Pad2)")
  (net 347 "Net-(C109-Pad2)")
  (net 348 "Net-(C110-Pad1)")
  (net 349 "Net-(U101-Pad3)")
  (net 350 "Net-(U102-Pad3)")
  (net 351 "Net-(C114-Pad1)")
  (net 352 "Net-(C112-Pad2)")
  (net 353 "Net-(C112-Pad1)")
  (net 354 "Net-(C101-Pad1)")
  (net 355 "Net-(C101-Pad2)")
  (net 356 "Net-(C104-Pad1)")
  (net 357 PWR_Reset)
  (net 358 "Net-(FB317-Pad1)")
  (net 359 "Net-(FB3-Pad1)")
  (net 360 "Net-(FB4-Pad1)")
  (net 361 "Net-(FB308-Pad1)")
  (net 362 "Net-(FB309-Pad2)")
  (net 363 "Net-(FB310-Pad2)")
  (net 364 "Net-(FB311-Pad2)")
  (net 365 "Net-(FB312-Pad1)")
  (net 366 "Net-(FB313-Pad1)")
  (net 367 "Net-(FB314-Pad1)")
  (net 368 "Net-(FB315-Pad1)")
  (net 369 "Net-(FB316-Pad1)")
  (net 370 "Net-(FB318-Pad1)")
  (net 371 "Net-(FB319-Pad1)")
  (net 372 "Net-(FB320-Pad1)")
  (net 373 "Net-(FB321-Pad1)")
  (net 374 "Net-(FB322-Pad1)")
  (net 375 "Net-(FB323-Pad1)")
  (net 376 "Net-(FB324-Pad1)")
  (net 377 "Net-(FB325-Pad1)")
  (net 378 "Net-(FB326-Pad1)")
  (net 379 "Net-(FB1-Pad2)")
  (net 380 "Net-(FB5-Pad1)")
  (net 381 "Net-(FB2-Pad2)")
  (net 382 "Net-(D300-Pad1)")
  (net 383 "Net-(D301-Pad1)")
  (net 384 +4V)
  (net 385 "Net-(J311-Pad6)")
  (net 386 "Net-(J305-Pad6)")
  (net 387 "Net-(J305-Pad7)")
  (net 388 "Net-(J305-Pad8)")
  (net 389 "Net-(J304-Pad6)")
  (net 390 "Net-(J304-Pad4)")
  (net 391 "Net-(J304-Pad2)")
  (net 392 "Net-(J304-Pad1)")
  (net 393 LPUART_RX_RX485)
  (net 394 UART4_TX)
  (net 395 UART4_RX)
  (net 396 Rasp_Shutdown)
  (net 397 Rasp_down)
  (net 398 LCD_BL_CTR)
  (net 399 "Net-(J315-Pad1)")
  (net 400 "Net-(J315-Pad2)")
  (net 401 "Net-(J315-Pad3)")
  (net 402 "Net-(J315-Pad4)")
  (net 403 "Net-(J315-Pad5)")
  (net 404 "Net-(J315-Pad6)")
  (net 405 *PWR_Reset)
  (net 406 "Net-(J314-Pad3)")
  (net 407 "Net-(J314-Pad1)")
  (net 408 "Net-(C309-Pad1)")
  (net 409 "Net-(J316-Pad3)")
  (net 410 "Net-(J316-Pad5)")
  (net 411 "Net-(J316-Pad7)")
  (net 412 "Net-(J316-Pad11)")
  (net 413 "Net-(J316-Pad12)")
  (net 414 "Net-(J316-Pad13)")
  (net 415 "Net-(J316-Pad15)")
  (net 416 "Net-(J316-Pad16)")
  (net 417 "Net-(J316-Pad18)")
  (net 418 "Net-(J316-Pad19)")
  (net 419 "Net-(J316-Pad21)")
  (net 420 "Net-(J316-Pad22)")
  (net 421 "Net-(J316-Pad23)")
  (net 422 "Net-(J316-Pad24)")
  (net 423 "Net-(J316-Pad26)")
  (net 424 "Net-(J316-Pad29)")
  (net 425 "Net-(J316-Pad31)")
  (net 426 "Net-(J316-Pad32)")
  (net 427 "Net-(J316-Pad33)")
  (net 428 "Net-(J316-Pad35)")
  (net 429 "Net-(J316-Pad36)")
  (net 430 "Net-(J316-Pad37)")
  (net 431 "Net-(J316-Pad38)")
  (net 432 "Net-(J316-Pad40)")
  (net 433 "Net-(J7-Pad1)")
  (net 434 "Net-(J7-Pad11)")
  (net 435 "Net-(J7-Pad15)")
  (net 436 "Net-(J7-Pad17)")
  (net 437 "Net-(J7-Pad19)")
  (net 438 "Net-(D101-Pad2)")

  (net_class Default "Dies ist die voreingestellte Netzklasse."
    (clearance 0.2)
    (trace_width 0.25)
    (via_dia 0.8)
    (via_drill 0.4)
    (uvia_dia 0.3)
    (uvia_drill 0.1)
    (add_net *CAN1_RX)
    (add_net *CAN1_TX)
    (add_net *ESP_Boot)
    (add_net *ESP_Enable)
    (add_net *ESP_Reset)
    (add_net *I2C2_SCL)
    (add_net *I2C2_SDA)
    (add_net *I2C4_SCL)
    (add_net *I2C4_SDA)
    (add_net *LCD_BL_CTR)
    (add_net *LCD_LED-A)
    (add_net *LCD_LED-K)
    (add_net *LPUART_RTS_DE_RS485)
    (add_net *LPUART_RX_RS485)
    (add_net *LPUART_RX_RX485)
    (add_net *LPUART_TX_RS485)
    (add_net *PB2)
    (add_net *PC6)
    (add_net *PC7)
    (add_net *PF11)
    (add_net *PWR_Reset)
    (add_net *Rasp_Shutdown)
    (add_net *Rasp_down)
    (add_net *UART4_RX)
    (add_net *UART4_TX)
    (add_net *UART5_RX)
    (add_net *UART5_TX)
    (add_net *USART1_RX_LIN1)
    (add_net *USART1_TX_LIN1)
    (add_net *USART2_RX_LIN2)
    (add_net *USART2_TX_LIN2)
    (add_net *USART3_RX_LIN3)
    (add_net *USART3_TX_LIN3)
    (add_net +3.3VA)
    (add_net +3.3VP)
    (add_net +3V3)
    (add_net +4V)
    (add_net +5V)
    (add_net +5VD)
    (add_net +BATT)
    (add_net +VSW)
    (add_net 1Wire_P0)
    (add_net 1Wire_P1)
    (add_net 1Wire_P2)
    (add_net 1Wire_P3)
    (add_net 1Wire_P4)
    (add_net 1Wire_P5)
    (add_net 1Wire_P6)
    (add_net 1Wire_P7)
    (add_net 3VA_EN)
    (add_net 5V_EN)
    (add_net 5V_Raspi_EN)
    (add_net AIN0)
    (add_net AIN1)
    (add_net AIN2)
    (add_net AIN3)
    (add_net AIN4)
    (add_net AIN5)
    (add_net AIN6)
    (add_net AIN7)
    (add_net BLE_Active)
    (add_net BLE_INT)
    (add_net BLE_RST)
    (add_net Boot0)
    (add_net CAN-H)
    (add_net CAN-L)
    (add_net CAN1_RX)
    (add_net CAN1_TX)
    (add_net DC_Input)
    (add_net ESP_Boot)
    (add_net ESP_Enable)
    (add_net ESP_Reset)
    (add_net GND)
    (add_net GND1)
    (add_net I2C2_SCL)
    (add_net I2C2_SDA)
    (add_net I2C3_SCL)
    (add_net I2C3_SDA)
    (add_net I2C4_SCL)
    (add_net I2C4_SDA)
    (add_net JTAG_RES)
    (add_net JTAG_TCK)
    (add_net JTAG_TDI)
    (add_net JTAG_TDO)
    (add_net JTAG_TMS)
    (add_net LCD_37)
    (add_net LCD_38)
    (add_net LCD_39)
    (add_net LCD_40)
    (add_net LCD_B0)
    (add_net LCD_B1)
    (add_net LCD_B2)
    (add_net LCD_B3)
    (add_net LCD_B4)
    (add_net LCD_B5)
    (add_net LCD_B6)
    (add_net LCD_B7)
    (add_net LCD_BL_CTR)
    (add_net LCD_BL_CTRL)
    (add_net LCD_CLK)
    (add_net LCD_DE)
    (add_net LCD_EN)
    (add_net LCD_G0)
    (add_net LCD_G1)
    (add_net LCD_G2)
    (add_net LCD_G3)
    (add_net LCD_G4)
    (add_net LCD_G5)
    (add_net LCD_G6)
    (add_net LCD_G7)
    (add_net LCD_HSYNC)
    (add_net LCD_INT)
    (add_net LCD_LED-A)
    (add_net LCD_LED-K)
    (add_net LCD_R0)
    (add_net LCD_R1)
    (add_net LCD_R2)
    (add_net LCD_R3)
    (add_net LCD_R4)
    (add_net LCD_R5)
    (add_net LCD_R6)
    (add_net LCD_R7)
    (add_net LCD_VSYNC)
    (add_net LIN1)
    (add_net LIN2)
    (add_net LIN3)
    (add_net LPUART_RTS_DE_RS485)
    (add_net LPUART_RX_RX485)
    (add_net LPUART_TX_RS485)
    (add_net "Net-(BT1-Pad1)")
    (add_net "Net-(C101-Pad1)")
    (add_net "Net-(C101-Pad2)")
    (add_net "Net-(C104-Pad1)")
    (add_net "Net-(C106-Pad1)")
    (add_net "Net-(C107-Pad1)")
    (add_net "Net-(C107-Pad2)")
    (add_net "Net-(C109-Pad2)")
    (add_net "Net-(C110-Pad1)")
    (add_net "Net-(C112-Pad1)")
    (add_net "Net-(C112-Pad2)")
    (add_net "Net-(C114-Pad1)")
    (add_net "Net-(C115-Pad1)")
    (add_net "Net-(C122-Pad1)")
    (add_net "Net-(C123-Pad1)")
    (add_net "Net-(C123-Pad2)")
    (add_net "Net-(C127-Pad2)")
    (add_net "Net-(C133-Pad1)")
    (add_net "Net-(C134-Pad1)")
    (add_net "Net-(C135-Pad1)")
    (add_net "Net-(C135-Pad2)")
    (add_net "Net-(C137-Pad2)")
    (add_net "Net-(C17-Pad2)")
    (add_net "Net-(C201-Pad1)")
    (add_net "Net-(C203-Pad1)")
    (add_net "Net-(C205-Pad1)")
    (add_net "Net-(C21-Pad1)")
    (add_net "Net-(C210-Pad1)")
    (add_net "Net-(C22-Pad1)")
    (add_net "Net-(C23-Pad2)")
    (add_net "Net-(C24-Pad2)")
    (add_net "Net-(C300-Pad1)")
    (add_net "Net-(C301-Pad1)")
    (add_net "Net-(C302-Pad1)")
    (add_net "Net-(C303-Pad1)")
    (add_net "Net-(C304-Pad1)")
    (add_net "Net-(C305-Pad1)")
    (add_net "Net-(C306-Pad1)")
    (add_net "Net-(C307-Pad1)")
    (add_net "Net-(C309-Pad1)")
    (add_net "Net-(D100-Pad1)")
    (add_net "Net-(D101-Pad2)")
    (add_net "Net-(D203-Pad1)")
    (add_net "Net-(D203-Pad2)")
    (add_net "Net-(D204-Pad1)")
    (add_net "Net-(D204-Pad2)")
    (add_net "Net-(D205-Pad1)")
    (add_net "Net-(D205-Pad3)")
    (add_net "Net-(D205-Pad4)")
    (add_net "Net-(D205-Pad5)")
    (add_net "Net-(D206-Pad1)")
    (add_net "Net-(D206-Pad3)")
    (add_net "Net-(D206-Pad4)")
    (add_net "Net-(D206-Pad5)")
    (add_net "Net-(D300-Pad1)")
    (add_net "Net-(D301-Pad1)")
    (add_net "Net-(D303-Pad4)")
    (add_net "Net-(D4-Pad1)")
    (add_net "Net-(D5-Pad1)")
    (add_net "Net-(D6-Pad1)")
    (add_net "Net-(FB1-Pad2)")
    (add_net "Net-(FB2-Pad2)")
    (add_net "Net-(FB3-Pad1)")
    (add_net "Net-(FB300-Pad2)")
    (add_net "Net-(FB301-Pad2)")
    (add_net "Net-(FB302-Pad2)")
    (add_net "Net-(FB303-Pad2)")
    (add_net "Net-(FB304-Pad2)")
    (add_net "Net-(FB305-Pad2)")
    (add_net "Net-(FB306-Pad2)")
    (add_net "Net-(FB307-Pad2)")
    (add_net "Net-(FB308-Pad1)")
    (add_net "Net-(FB308-Pad2)")
    (add_net "Net-(FB309-Pad1)")
    (add_net "Net-(FB309-Pad2)")
    (add_net "Net-(FB310-Pad1)")
    (add_net "Net-(FB310-Pad2)")
    (add_net "Net-(FB311-Pad1)")
    (add_net "Net-(FB311-Pad2)")
    (add_net "Net-(FB312-Pad1)")
    (add_net "Net-(FB313-Pad1)")
    (add_net "Net-(FB314-Pad1)")
    (add_net "Net-(FB315-Pad1)")
    (add_net "Net-(FB316-Pad1)")
    (add_net "Net-(FB317-Pad1)")
    (add_net "Net-(FB318-Pad1)")
    (add_net "Net-(FB319-Pad1)")
    (add_net "Net-(FB320-Pad1)")
    (add_net "Net-(FB321-Pad1)")
    (add_net "Net-(FB322-Pad1)")
    (add_net "Net-(FB323-Pad1)")
    (add_net "Net-(FB324-Pad1)")
    (add_net "Net-(FB325-Pad1)")
    (add_net "Net-(FB326-Pad1)")
    (add_net "Net-(FB4-Pad1)")
    (add_net "Net-(FB5-Pad1)")
    (add_net "Net-(IC1-PadA2)")
    (add_net "Net-(IC1-PadA3)")
    (add_net "Net-(IC1-PadA5)")
    (add_net "Net-(IC1-PadB1)")
    (add_net "Net-(IC1-PadB5)")
    (add_net "Net-(IC1-PadC5)")
    (add_net "Net-(IC2-PadA2)")
    (add_net "Net-(IC2-PadA5)")
    (add_net "Net-(IC2-PadB1)")
    (add_net "Net-(IC2-PadB5)")
    (add_net "Net-(IC2-PadC2)")
    (add_net "Net-(IC2-PadC5)")
    (add_net "Net-(IC3-Pad15)")
    (add_net "Net-(IC3-Pad16)")
    (add_net "Net-(IC3-Pad7)")
    (add_net "Net-(IC3-Pad8)")
    (add_net "Net-(IC3-Pad9)")
    (add_net "Net-(J304-Pad1)")
    (add_net "Net-(J304-Pad2)")
    (add_net "Net-(J304-Pad4)")
    (add_net "Net-(J304-Pad6)")
    (add_net "Net-(J305-Pad6)")
    (add_net "Net-(J305-Pad7)")
    (add_net "Net-(J305-Pad8)")
    (add_net "Net-(J308-Pad6)")
    (add_net "Net-(J311-Pad6)")
    (add_net "Net-(J314-Pad1)")
    (add_net "Net-(J314-Pad3)")
    (add_net "Net-(J315-Pad1)")
    (add_net "Net-(J315-Pad2)")
    (add_net "Net-(J315-Pad3)")
    (add_net "Net-(J315-Pad4)")
    (add_net "Net-(J315-Pad5)")
    (add_net "Net-(J315-Pad6)")
    (add_net "Net-(J316-Pad11)")
    (add_net "Net-(J316-Pad12)")
    (add_net "Net-(J316-Pad13)")
    (add_net "Net-(J316-Pad15)")
    (add_net "Net-(J316-Pad16)")
    (add_net "Net-(J316-Pad18)")
    (add_net "Net-(J316-Pad19)")
    (add_net "Net-(J316-Pad21)")
    (add_net "Net-(J316-Pad22)")
    (add_net "Net-(J316-Pad23)")
    (add_net "Net-(J316-Pad24)")
    (add_net "Net-(J316-Pad26)")
    (add_net "Net-(J316-Pad29)")
    (add_net "Net-(J316-Pad3)")
    (add_net "Net-(J316-Pad31)")
    (add_net "Net-(J316-Pad32)")
    (add_net "Net-(J316-Pad33)")
    (add_net "Net-(J316-Pad35)")
    (add_net "Net-(J316-Pad36)")
    (add_net "Net-(J316-Pad37)")
    (add_net "Net-(J316-Pad38)")
    (add_net "Net-(J316-Pad40)")
    (add_net "Net-(J316-Pad5)")
    (add_net "Net-(J316-Pad7)")
    (add_net "Net-(J6-Pad1)")
    (add_net "Net-(J6-Pad2)")
    (add_net "Net-(J6-Pad3)")
    (add_net "Net-(J7-Pad1)")
    (add_net "Net-(J7-Pad11)")
    (add_net "Net-(J7-Pad15)")
    (add_net "Net-(J7-Pad17)")
    (add_net "Net-(J7-Pad19)")
    (add_net "Net-(Q100-Pad1)")
    (add_net "Net-(Q100-Pad3)")
    (add_net "Net-(Q102-Pad1)")
    (add_net "Net-(Q102-Pad3)")
    (add_net "Net-(Q103-Pad1)")
    (add_net "Net-(Q103-Pad3)")
    (add_net "Net-(Q104-Pad1)")
    (add_net "Net-(Q104-Pad3)")
    (add_net "Net-(Q300-Pad1)")
    (add_net "Net-(Q301-Pad1)")
    (add_net "Net-(R100-Pad2)")
    (add_net "Net-(R102-Pad1)")
    (add_net "Net-(R103-Pad2)")
    (add_net "Net-(R107-Pad1)")
    (add_net "Net-(R109-Pad2)")
    (add_net "Net-(R113-Pad1)")
    (add_net "Net-(R114-Pad2)")
    (add_net "Net-(R116-Pad1)")
    (add_net "Net-(R117-Pad1)")
    (add_net "Net-(R121-Pad1)")
    (add_net "Net-(R122-Pad2)")
    (add_net "Net-(R123-Pad2)")
    (add_net "Net-(R127-Pad1)")
    (add_net "Net-(R128-Pad2)")
    (add_net "Net-(R208-Pad2)")
    (add_net "Net-(R210-Pad2)")
    (add_net "Net-(U1-Pad75)")
    (add_net "Net-(U1-Pad76)")
    (add_net "Net-(U1-Pad78)")
    (add_net "Net-(U1-Pad79)")
    (add_net "Net-(U101-Pad3)")
    (add_net "Net-(U102-Pad3)")
    (add_net "Net-(U103-Pad5)")
    (add_net "Net-(U104-Pad13)")
    (add_net "Net-(U104-Pad14)")
    (add_net "Net-(U104-Pad15)")
    (add_net "Net-(U104-Pad17)")
    (add_net "Net-(U104-Pad4)")
    (add_net "Net-(U104-Pad8)")
    (add_net "Net-(U105-Pad3)")
    (add_net "Net-(U200-Pad3)")
    (add_net "Net-(U200-Pad8)")
    (add_net "Net-(U201-Pad3)")
    (add_net "Net-(U201-Pad8)")
    (add_net "Net-(U202-Pad3)")
    (add_net "Net-(U202-Pad8)")
    (add_net "Net-(U205-Pad5)")
    (add_net "Net-(U206-Pad13)")
    (add_net "Net-(U207-Pad13)")
    (add_net "Net-(U208-Pad1)")
    (add_net "Net-(U208-Pad2)")
    (add_net "Net-(U208-Pad3)")
    (add_net "Net-(U208-Pad4)")
    (add_net "Net-(U3-Pad4)")
    (add_net "Net-(U3-Pad5)")
    (add_net "Net-(U300-Pad10)")
    (add_net "Net-(U300-Pad11)")
    (add_net "Net-(U300-Pad12)")
    (add_net "Net-(U300-Pad13)")
    (add_net "Net-(U300-Pad14)")
    (add_net "Net-(U300-Pad16)")
    (add_net "Net-(U300-Pad17)")
    (add_net "Net-(U300-Pad19)")
    (add_net "Net-(U300-Pad2)")
    (add_net "Net-(U300-Pad20)")
    (add_net "Net-(U300-Pad4)")
    (add_net "Net-(U300-Pad5)")
    (add_net "Net-(U300-Pad6)")
    (add_net "Net-(U300-Pad7)")
    (add_net "Net-(U300-Pad9)")
    (add_net OctoSPI_P1_CLK)
    (add_net OctoSPI_P1_DQS)
    (add_net OctoSPI_P1_IO0)
    (add_net OctoSPI_P1_IO1)
    (add_net OctoSPI_P1_IO2)
    (add_net OctoSPI_P1_IO3)
    (add_net OctoSPI_P1_IO4)
    (add_net OctoSPI_P1_IO5)
    (add_net OctoSPI_P1_IO6)
    (add_net OctoSPI_P1_IO7)
    (add_net OctoSPI_P1_NCS)
    (add_net OctoSPI_P2_CLK)
    (add_net OctoSPI_P2_DQS)
    (add_net OctoSPI_P2_IO0)
    (add_net OctoSPI_P2_IO1)
    (add_net OctoSPI_P2_IO2)
    (add_net OctoSPI_P2_IO3)
    (add_net OctoSPI_P2_IO4)
    (add_net OctoSPI_P2_IO5)
    (add_net OctoSPI_P2_IO6)
    (add_net OctoSPI_P2_IO7)
    (add_net OctoSPI_P2_NCS)
    (add_net P0)
    (add_net P1)
    (add_net P2)
    (add_net P3)
    (add_net P4)
    (add_net P5)
    (add_net P6)
    (add_net P7)
    (add_net PA9)
    (add_net PB2)
    (add_net PC6)
    (add_net PC7)
    (add_net PD13)
    (add_net PD4)
    (add_net PD7)
    (add_net PF11)
    (add_net PWR_Reset)
    (add_net RESET)
    (add_net RS485-A)
    (add_net RS485-B)
    (add_net Rasp_Shutdown)
    (add_net Rasp_down)
    (add_net SLP-LIN1)
    (add_net SLP-LIN2)
    (add_net SLP-LIN3)
    (add_net SPI1_MISO)
    (add_net SPI1_MOSI)
    (add_net SPI1_NSS)
    (add_net SPI1_SCK)
    (add_net STB-CAN)
    (add_net Signal_LED)
    (add_net TOUCH_INT)
    (add_net TOUCH_RESET)
    (add_net UART4_RX)
    (add_net UART4_TX)
    (add_net UART5_RX)
    (add_net UART5_TX)
    (add_net USART1_RX_LIN1)
    (add_net USART1_TX_LIN1)
    (add_net USART2_RX_LIN2)
    (add_net USART2_TX_LIN2)
    (add_net USART3_RX_LIN3)
    (add_net USART3_TX_LIN3)
    (add_net USB_D+)
    (add_net USB_D-)
    (add_net USB_ID)
    (add_net USB_SOF)
    (add_net VCC)
    (add_net VCCQ)
    (add_net VSW_Disp_EN)
    (add_net Wakeup)
    (add_net X+)
    (add_net X-)
    (add_net Y+)
    (add_net Y-)
  )

  (module Capacitor_SMD:C_1210_3225Metric (layer F.Cu) (tedit 5B301BBE) (tstamp 5D2CD506)
    (at 13.97 118.11)
    (descr "Capacitor SMD 1210 (3225 Metric), square (rectangular) end terminal, IPC_7351 nominal, (Body size source: http://www.tortai-tech.com/upload/download/2011102023233369053.pdf), generated with kicad-footprint-generator")
    (tags capacitor)
    (path /5C8BBC9A/5CA67A0B)
    (attr smd)
    (fp_text reference C105 (at 0 -2.28) (layer F.SilkS)
      (effects (font (size 1 1) (thickness 0.15)))
    )
    (fp_text value 2u2 (at 0 2.28) (layer F.Fab)
      (effects (font (size 1 1) (thickness 0.15)))
    )
    (fp_line (start -1.6 1.25) (end -1.6 -1.25) (layer F.Fab) (width 0.1))
    (fp_line (start -1.6 -1.25) (end 1.6 -1.25) (layer F.Fab) (width 0.1))
    (fp_line (start 1.6 -1.25) (end 1.6 1.25) (layer F.Fab) (width 0.1))
    (fp_line (start 1.6 1.25) (end -1.6 1.25) (layer F.Fab) (width 0.1))
    (fp_line (start -0.602064 -1.36) (end 0.602064 -1.36) (layer F.SilkS) (width 0.12))
    (fp_line (start -0.602064 1.36) (end 0.602064 1.36) (layer F.SilkS) (width 0.12))
    (fp_line (start -2.28 1.58) (end -2.28 -1.58) (layer F.CrtYd) (width 0.05))
    (fp_line (start -2.28 -1.58) (end 2.28 -1.58) (layer F.CrtYd) (width 0.05))
    (fp_line (start 2.28 -1.58) (end 2.28 1.58) (layer F.CrtYd) (width 0.05))
    (fp_line (start 2.28 1.58) (end -2.28 1.58) (layer F.CrtYd) (width 0.05))
    (fp_text user %R (at 0 0) (layer F.Fab)
      (effects (font (size 0.8 0.8) (thickness 0.12)))
    )
    (pad 1 smd roundrect (at -1.4 0) (size 1.25 2.65) (layers F.Cu F.Paste F.Mask) (roundrect_rratio 0.2)
      (net 105 +BATT))
    (pad 2 smd roundrect (at 1.4 0) (size 1.25 2.65) (layers F.Cu F.Paste F.Mask) (roundrect_rratio 0.2)
      (net 2 GND))
    (model ${KISYS3DMOD}/Capacitor_SMD.3dshapes/C_1210_3225Metric.wrl
      (at (xyz 0 0 0))
      (scale (xyz 1 1 1))
      (rotate (xyz 0 0 0))
    )
  )

  (module Capacitor_SMD:C_1210_3225Metric (layer F.Cu) (tedit 5B301BBE) (tstamp 5D2CD4B6)
    (at 39.24 109.22)
    (descr "Capacitor SMD 1210 (3225 Metric), square (rectangular) end terminal, IPC_7351 nominal, (Body size source: http://www.tortai-tech.com/upload/download/2011102023233369053.pdf), generated with kicad-footprint-generator")
    (tags capacitor)
    (path /5C8BBC9A/5CA84058)
    (attr smd)
    (fp_text reference C111 (at 0 -2.28) (layer F.SilkS)
      (effects (font (size 1 1) (thickness 0.15)))
    )
    (fp_text value 2u2 (at 0 2.28) (layer F.Fab)
      (effects (font (size 1 1) (thickness 0.15)))
    )
    (fp_text user %R (at 0 0) (layer F.Fab)
      (effects (font (size 0.8 0.8) (thickness 0.12)))
    )
    (fp_line (start 2.28 1.58) (end -2.28 1.58) (layer F.CrtYd) (width 0.05))
    (fp_line (start 2.28 -1.58) (end 2.28 1.58) (layer F.CrtYd) (width 0.05))
    (fp_line (start -2.28 -1.58) (end 2.28 -1.58) (layer F.CrtYd) (width 0.05))
    (fp_line (start -2.28 1.58) (end -2.28 -1.58) (layer F.CrtYd) (width 0.05))
    (fp_line (start -0.602064 1.36) (end 0.602064 1.36) (layer F.SilkS) (width 0.12))
    (fp_line (start -0.602064 -1.36) (end 0.602064 -1.36) (layer F.SilkS) (width 0.12))
    (fp_line (start 1.6 1.25) (end -1.6 1.25) (layer F.Fab) (width 0.1))
    (fp_line (start 1.6 -1.25) (end 1.6 1.25) (layer F.Fab) (width 0.1))
    (fp_line (start -1.6 -1.25) (end 1.6 -1.25) (layer F.Fab) (width 0.1))
    (fp_line (start -1.6 1.25) (end -1.6 -1.25) (layer F.Fab) (width 0.1))
    (pad 2 smd roundrect (at 1.4 0) (size 1.25 2.65) (layers F.Cu F.Paste F.Mask) (roundrect_rratio 0.2)
      (net 2 GND))
    (pad 1 smd roundrect (at -1.4 0) (size 1.25 2.65) (layers F.Cu F.Paste F.Mask) (roundrect_rratio 0.2)
      (net 105 +BATT))
    (model ${KISYS3DMOD}/Capacitor_SMD.3dshapes/C_1210_3225Metric.wrl
      (at (xyz 0 0 0))
      (scale (xyz 1 1 1))
      (rotate (xyz 0 0 0))
    )
  )

  (module Capacitor_SMD:C_1210_3225Metric (layer F.Cu) (tedit 5B301BBE) (tstamp 5D2CD446)
    (at 93.85 99.06)
    (descr "Capacitor SMD 1210 (3225 Metric), square (rectangular) end terminal, IPC_7351 nominal, (Body size source: http://www.tortai-tech.com/upload/download/2011102023233369053.pdf), generated with kicad-footprint-generator")
    (tags capacitor)
    (path /5C8BBC9A/5CA4FB3E)
    (attr smd)
    (fp_text reference C120 (at 0 -2.28) (layer F.SilkS)
      (effects (font (size 1 1) (thickness 0.15)))
    )
    (fp_text value 2u2 (at 0 2.28) (layer F.Fab)
      (effects (font (size 1 1) (thickness 0.15)))
    )
    (fp_line (start -1.6 1.25) (end -1.6 -1.25) (layer F.Fab) (width 0.1))
    (fp_line (start -1.6 -1.25) (end 1.6 -1.25) (layer F.Fab) (width 0.1))
    (fp_line (start 1.6 -1.25) (end 1.6 1.25) (layer F.Fab) (width 0.1))
    (fp_line (start 1.6 1.25) (end -1.6 1.25) (layer F.Fab) (width 0.1))
    (fp_line (start -0.602064 -1.36) (end 0.602064 -1.36) (layer F.SilkS) (width 0.12))
    (fp_line (start -0.602064 1.36) (end 0.602064 1.36) (layer F.SilkS) (width 0.12))
    (fp_line (start -2.28 1.58) (end -2.28 -1.58) (layer F.CrtYd) (width 0.05))
    (fp_line (start -2.28 -1.58) (end 2.28 -1.58) (layer F.CrtYd) (width 0.05))
    (fp_line (start 2.28 -1.58) (end 2.28 1.58) (layer F.CrtYd) (width 0.05))
    (fp_line (start 2.28 1.58) (end -2.28 1.58) (layer F.CrtYd) (width 0.05))
    (fp_text user %R (at 0 0) (layer F.Fab)
      (effects (font (size 0.8 0.8) (thickness 0.12)))
    )
    (pad 1 smd roundrect (at -1.4 0) (size 1.25 2.65) (layers F.Cu F.Paste F.Mask) (roundrect_rratio 0.2)
      (net 105 +BATT))
    (pad 2 smd roundrect (at 1.4 0) (size 1.25 2.65) (layers F.Cu F.Paste F.Mask) (roundrect_rratio 0.2)
      (net 2 GND))
    (model ${KISYS3DMOD}/Capacitor_SMD.3dshapes/C_1210_3225Metric.wrl
      (at (xyz 0 0 0))
      (scale (xyz 1 1 1))
      (rotate (xyz 0 0 0))
    )
  )

  (module Capacitor_SMD:C_1210_3225Metric (layer F.Cu) (tedit 5B301BBE) (tstamp 5D2CD416)
    (at 228.245001 142.755001)
    (descr "Capacitor SMD 1210 (3225 Metric), square (rectangular) end terminal, IPC_7351 nominal, (Body size source: http://www.tortai-tech.com/upload/download/2011102023233369053.pdf), generated with kicad-footprint-generator")
    (tags capacitor)
    (path /5C8BBC94/5CF52246)
    (attr smd)
    (fp_text reference C17 (at 0 -2.28) (layer F.SilkS)
      (effects (font (size 1 1) (thickness 0.15)))
    )
    (fp_text value 2u2 (at 0 2.28) (layer F.Fab)
      (effects (font (size 1 1) (thickness 0.15)))
    )
    (fp_text user %R (at 0 0) (layer F.Fab)
      (effects (font (size 0.8 0.8) (thickness 0.12)))
    )
    (fp_line (start 2.28 1.58) (end -2.28 1.58) (layer F.CrtYd) (width 0.05))
    (fp_line (start 2.28 -1.58) (end 2.28 1.58) (layer F.CrtYd) (width 0.05))
    (fp_line (start -2.28 -1.58) (end 2.28 -1.58) (layer F.CrtYd) (width 0.05))
    (fp_line (start -2.28 1.58) (end -2.28 -1.58) (layer F.CrtYd) (width 0.05))
    (fp_line (start -0.602064 1.36) (end 0.602064 1.36) (layer F.SilkS) (width 0.12))
    (fp_line (start -0.602064 -1.36) (end 0.602064 -1.36) (layer F.SilkS) (width 0.12))
    (fp_line (start 1.6 1.25) (end -1.6 1.25) (layer F.Fab) (width 0.1))
    (fp_line (start 1.6 -1.25) (end 1.6 1.25) (layer F.Fab) (width 0.1))
    (fp_line (start -1.6 -1.25) (end 1.6 -1.25) (layer F.Fab) (width 0.1))
    (fp_line (start -1.6 1.25) (end -1.6 -1.25) (layer F.Fab) (width 0.1))
    (pad 2 smd roundrect (at 1.4 0) (size 1.25 2.65) (layers F.Cu F.Paste F.Mask) (roundrect_rratio 0.2)
      (net 300 "Net-(C17-Pad2)"))
    (pad 1 smd roundrect (at -1.4 0) (size 1.25 2.65) (layers F.Cu F.Paste F.Mask) (roundrect_rratio 0.2)
      (net 34 GND1))
    (model ${KISYS3DMOD}/Capacitor_SMD.3dshapes/C_1210_3225Metric.wrl
      (at (xyz 0 0 0))
      (scale (xyz 1 1 1))
      (rotate (xyz 0 0 0))
    )
  )

  (module Capacitor_SMD:C_1210_3225Metric (layer F.Cu) (tedit 5B301BBE) (tstamp 5D2CD406)
    (at -12.83 114.3)
    (descr "Capacitor SMD 1210 (3225 Metric), square (rectangular) end terminal, IPC_7351 nominal, (Body size source: http://www.tortai-tech.com/upload/download/2011102023233369053.pdf), generated with kicad-footprint-generator")
    (tags capacitor)
    (path /5C8BBC9A/5CA825AC)
    (attr smd)
    (fp_text reference C100 (at 0 -2.28) (layer F.SilkS)
      (effects (font (size 1 1) (thickness 0.15)))
    )
    (fp_text value 2u2 (at 0 2.28) (layer F.Fab)
      (effects (font (size 1 1) (thickness 0.15)))
    )
    (fp_line (start -1.6 1.25) (end -1.6 -1.25) (layer F.Fab) (width 0.1))
    (fp_line (start -1.6 -1.25) (end 1.6 -1.25) (layer F.Fab) (width 0.1))
    (fp_line (start 1.6 -1.25) (end 1.6 1.25) (layer F.Fab) (width 0.1))
    (fp_line (start 1.6 1.25) (end -1.6 1.25) (layer F.Fab) (width 0.1))
    (fp_line (start -0.602064 -1.36) (end 0.602064 -1.36) (layer F.SilkS) (width 0.12))
    (fp_line (start -0.602064 1.36) (end 0.602064 1.36) (layer F.SilkS) (width 0.12))
    (fp_line (start -2.28 1.58) (end -2.28 -1.58) (layer F.CrtYd) (width 0.05))
    (fp_line (start -2.28 -1.58) (end 2.28 -1.58) (layer F.CrtYd) (width 0.05))
    (fp_line (start 2.28 -1.58) (end 2.28 1.58) (layer F.CrtYd) (width 0.05))
    (fp_line (start 2.28 1.58) (end -2.28 1.58) (layer F.CrtYd) (width 0.05))
    (fp_text user %R (at 0 0) (layer F.Fab)
      (effects (font (size 0.8 0.8) (thickness 0.12)))
    )
    (pad 1 smd roundrect (at -1.4 0) (size 1.25 2.65) (layers F.Cu F.Paste F.Mask) (roundrect_rratio 0.2)
      (net 105 +BATT))
    (pad 2 smd roundrect (at 1.4 0) (size 1.25 2.65) (layers F.Cu F.Paste F.Mask) (roundrect_rratio 0.2)
      (net 2 GND))
    (model ${KISYS3DMOD}/Capacitor_SMD.3dshapes/C_1210_3225Metric.wrl
      (at (xyz 0 0 0))
      (scale (xyz 1 1 1))
      (rotate (xyz 0 0 0))
    )
  )

  (module Capacitor_SMD:C_1210_3225Metric (layer F.Cu) (tedit 5B301BBE) (tstamp 5D2CD3B6)
    (at 129.67 127)
    (descr "Capacitor SMD 1210 (3225 Metric), square (rectangular) end terminal, IPC_7351 nominal, (Body size source: http://www.tortai-tech.com/upload/download/2011102023233369053.pdf), generated with kicad-footprint-generator")
    (tags capacitor)
    (path /5C8BBC9A/5CC0C1C2)
    (attr smd)
    (fp_text reference C132 (at 0 -2.28) (layer F.SilkS)
      (effects (font (size 1 1) (thickness 0.15)))
    )
    (fp_text value 2u2 (at 0 2.28) (layer F.Fab)
      (effects (font (size 1 1) (thickness 0.15)))
    )
    (fp_text user %R (at 0 0) (layer F.Fab)
      (effects (font (size 0.8 0.8) (thickness 0.12)))
    )
    (fp_line (start 2.28 1.58) (end -2.28 1.58) (layer F.CrtYd) (width 0.05))
    (fp_line (start 2.28 -1.58) (end 2.28 1.58) (layer F.CrtYd) (width 0.05))
    (fp_line (start -2.28 -1.58) (end 2.28 -1.58) (layer F.CrtYd) (width 0.05))
    (fp_line (start -2.28 1.58) (end -2.28 -1.58) (layer F.CrtYd) (width 0.05))
    (fp_line (start -0.602064 1.36) (end 0.602064 1.36) (layer F.SilkS) (width 0.12))
    (fp_line (start -0.602064 -1.36) (end 0.602064 -1.36) (layer F.SilkS) (width 0.12))
    (fp_line (start 1.6 1.25) (end -1.6 1.25) (layer F.Fab) (width 0.1))
    (fp_line (start 1.6 -1.25) (end 1.6 1.25) (layer F.Fab) (width 0.1))
    (fp_line (start -1.6 -1.25) (end 1.6 -1.25) (layer F.Fab) (width 0.1))
    (fp_line (start -1.6 1.25) (end -1.6 -1.25) (layer F.Fab) (width 0.1))
    (pad 2 smd roundrect (at 1.4 0) (size 1.25 2.65) (layers F.Cu F.Paste F.Mask) (roundrect_rratio 0.2)
      (net 2 GND))
    (pad 1 smd roundrect (at -1.4 0) (size 1.25 2.65) (layers F.Cu F.Paste F.Mask) (roundrect_rratio 0.2)
      (net 105 +BATT))
    (model ${KISYS3DMOD}/Capacitor_SMD.3dshapes/C_1210_3225Metric.wrl
      (at (xyz 0 0 0))
      (scale (xyz 1 1 1))
      (rotate (xyz 0 0 0))
    )
  )

  (module Capacitor_SMD:C_1210_3225Metric (layer F.Cu) (tedit 5B301BBE) (tstamp 5D2CD2E6)
    (at 93.85 92.71)
    (descr "Capacitor SMD 1210 (3225 Metric), square (rectangular) end terminal, IPC_7351 nominal, (Body size source: http://www.tortai-tech.com/upload/download/2011102023233369053.pdf), generated with kicad-footprint-generator")
    (tags capacitor)
    (path /5C8BBC9A/5CA4FAF6)
    (attr smd)
    (fp_text reference C121 (at 0 -2.28) (layer F.SilkS)
      (effects (font (size 1 1) (thickness 0.15)))
    )
    (fp_text value 2u2 (at 0 2.28) (layer F.Fab)
      (effects (font (size 1 1) (thickness 0.15)))
    )
    (fp_line (start -1.6 1.25) (end -1.6 -1.25) (layer F.Fab) (width 0.1))
    (fp_line (start -1.6 -1.25) (end 1.6 -1.25) (layer F.Fab) (width 0.1))
    (fp_line (start 1.6 -1.25) (end 1.6 1.25) (layer F.Fab) (width 0.1))
    (fp_line (start 1.6 1.25) (end -1.6 1.25) (layer F.Fab) (width 0.1))
    (fp_line (start -0.602064 -1.36) (end 0.602064 -1.36) (layer F.SilkS) (width 0.12))
    (fp_line (start -0.602064 1.36) (end 0.602064 1.36) (layer F.SilkS) (width 0.12))
    (fp_line (start -2.28 1.58) (end -2.28 -1.58) (layer F.CrtYd) (width 0.05))
    (fp_line (start -2.28 -1.58) (end 2.28 -1.58) (layer F.CrtYd) (width 0.05))
    (fp_line (start 2.28 -1.58) (end 2.28 1.58) (layer F.CrtYd) (width 0.05))
    (fp_line (start 2.28 1.58) (end -2.28 1.58) (layer F.CrtYd) (width 0.05))
    (fp_text user %R (at 0 0) (layer F.Fab)
      (effects (font (size 0.8 0.8) (thickness 0.12)))
    )
    (pad 1 smd roundrect (at -1.4 0) (size 1.25 2.65) (layers F.Cu F.Paste F.Mask) (roundrect_rratio 0.2)
      (net 105 +BATT))
    (pad 2 smd roundrect (at 1.4 0) (size 1.25 2.65) (layers F.Cu F.Paste F.Mask) (roundrect_rratio 0.2)
      (net 2 GND))
    (model ${KISYS3DMOD}/Capacitor_SMD.3dshapes/C_1210_3225Metric.wrl
      (at (xyz 0 0 0))
      (scale (xyz 1 1 1))
      (rotate (xyz 0 0 0))
    )
  )

  (module Capacitor_SMD:C_1210_3225Metric (layer F.Cu) (tedit 5B301BBE) (tstamp 5D2C3AF0)
    (at 72.52 123.19)
    (descr "Capacitor SMD 1210 (3225 Metric), square (rectangular) end terminal, IPC_7351 nominal, (Body size source: http://www.tortai-tech.com/upload/download/2011102023233369053.pdf), generated with kicad-footprint-generator")
    (tags capacitor)
    (path /5C8BBC9A/5DECFF34)
    (attr smd)
    (fp_text reference C117 (at 0 -2.28) (layer F.SilkS)
      (effects (font (size 1 1) (thickness 0.15)))
    )
    (fp_text value 4u7 (at 0 2.28) (layer F.Fab)
      (effects (font (size 1 1) (thickness 0.15)))
    )
    (fp_text user %R (at 0 0) (layer F.Fab)
      (effects (font (size 0.8 0.8) (thickness 0.12)))
    )
